1.0,-0.03128258675862931,0.010097384667776122,-0.025879350803660665,0.01071795267059858,0.015549602573620399,0.03548093444341524,-0.022883526956872038,0.015136108694239125,-0.007862162522044051,-0.022780141554454722,-0.013753927950268852,-0.025988474183049615,0.16535427362237554,-0.045775791080652835,0.012761963785994467,0.06254202381044961,0.03164706657037801,0.015341339845953027,-0.010560185555044208,0.021629635920202082,-0.0516707564981563,0.044484189438539844,0.03667896807382278,-0.042476061308850156,0.025762163609806325,0.04116356638639691,-0.0073719236692441036,0.06598513929446392,-0.02194003645417665,-0.03396114204431121,-0.019562706451243365,-0.01860933017746713,0.005840726989828235,-0.014650568098215693,-0.025579101027148988,-0.021250678007697813,0.04240056441873458,-0.008404669678875534,0.004542507231057059,0.028808610307948224,-0.004780350591428176,0.0011275173145546208,-0.0027070757166560134,-0.004757882481263715,-0.0015747107616643882,-0.010787938413313753,-0.018845461971829913,0.00669870772128829,0.11181512163054391,0.02700821989044834,-0.0006599312541989441,0.026286324899635737,-0.034126154451661665,0.010445638844638535,-0.026186400809416848,-0.01277735842713506,-0.007681900105567131,0.01784455593555067,-0.009540907488601586,-0.019181934590331167,-0.008013847040998712,0.08087705229862086,-0.022355787952945006,0.01308949736167231,0.01937056886356536,-0.0025406390147018837,0.00733778833473419,-0.00691792526526605,0.01455239086755039,0.013038684734824285,-0.034613580948164906,-0.0010434930405026222,0.00786922908789646,-0.08715382930560124,-0.01870443564503157,-0.01879724440650612,0.023616808265714218,0.0300919394623993,0.015353707798623314,0.015607707930768804,0.006362497513551607,0.0017688571598334524,-0.013950860871413142
-0.03128258675862931,1.0,-0.01779897061578284,-0.037388739897246295,0.04766851179196645,-0.03298620660526226,-0.014589701946668199,-0.004385066921992399,-0.012731156231487992,-0.008402541232735034,0.04025774616642843,0.03536328109776667,-0.008442888135013957,-0.0023351249410238166,-0.03909855814720722,0.015525323241687618,0.02635482490350544,0.0076763867107114666,0.017333374053245112,-0.0358248641961408,0.010018326045461722,0.047787278704810185,0.012789714068598461,0.02195163039136492,0.04075468458101436,0.0274916934690523,0.08666260336334494,0.010273425778616797,0.018325137880162688,-0.01420825464708434,-0.0018618075644844523,-0.030864736640278386,0.015290651063691912,0.020780695534326734,-0.0035888195048438955,0.004829208443429932,-0.017985896739607026,0.02789691683649135,0.04635691359865252,0.006457517765886178,-0.04016228260064302,0.019973571146034128,0.0007790840833505103,0.003847377284792286,-0.01989906224801036,0.010315334427179523,-0.04367367343644693,0.023331111083116637,-0.002515951773076655,0.01585507519961247,0.3815083442714313,0.006102915879608153,0.005357755068513792,-0.00847566191869626,0.009849488776347757,-0.043926307224730066,-0.031182779650467275,-0.020116579416339327,-0.03539698542598791,0.001521179628153176,-0.009647439636283962,-0.02014718085596521,0.012862296786788572,0.03601609568497186,0.005457137742370653,0.033855866613015276,-0.014821574889673481,-0.04267526190781822,0.051674517309168,-0.0025441179742011362,0.037705268437529665,-0.026270010157604193,-0.027389954005292677,0.04480323792731288,-0.010291273380679948,0.006253993907277914,0.0049702236748835355,0.00696542968576211,0.03916222769341689,-0.023357495987653146,-0.005859177495902081,0.015074608368779285,0.008258007014167661,0.0032757425279054215
0.010097384667776122,-0.01779897061578284,1.0,-0.029563370422771375,-0.062260231505415584,-0.05295105290128984,0.1916331934202015,-0.05012971982381818,0.03605366617583988,-0.03219925417664553,0.00045137239695135825,0.0010859735722131975,0.002667465794316144,0.05145639682603057,-0.022579959462737522,-0.001958792446288108,0.09276341170061246,0.021935039569591072,0.07580845078355507,0.04324704903668344,-0.018911027333254515,0.0025954219370843525,0.029609022719758765,0.015040947611252771,0.007154215161046559,0.03621686845253278,0.1005168218327295,0.026256848831976248,-0.029714250393420464,0.016368109295132226,-0.01753668887226686,-0.01034803627307378,-0.007226416256111273,0.00037616509075299044,-0.07285558793211176,0.010652040327134536,0.022567058187154553,-0.0034010483137350183,0.007720014623658449,0.011259841604894764,-0.04735963335835751,-0.076902424798374,0.006728634388322928,-0.02724162028021138,-0.009122969570017594,0.03954250076817387,-0.033700719205790916,0.016649490188657377,0.032797389322286416,0.015662247040362936,-0.006943305849481594,0.06260002669493148,-0.02381350462854866,-0.004682307271333275,0.021218273033984804,-0.00584624582362152,-0.045836942816809036,-0.012068626554591504,-0.03127862657958578,0.012436146483802335,-0.01496252247178744,-0.012410833981205644,-0.006528285644291082,0.004012905178342608,0.002755776022974016,0.012687855276364715,0.02825295112572638,-0.04094096778765674,-0.0020786846732208206,-0.036689776088148655,-0.03947807826996358,-0.05501077447755738,-0.00374030571018637,-0.04188411811747871,-0.019321335037791033,0.020641728447200962,-0.04513384532227148,-0.060878040403190704,-0.01858403907640659,-0.022030127043588376,-0.015329698076020982,-0.016192639608559968,-0.019874423752284598,0.04696520670418905
-0.025879350803660665,-0.037388739897246295,-0.029563370422771375,1.0,0.019516610608052525,-0.020120387708321943,-0.023119274492989738,-0.02441869234372366,0.031124772276981714,0.060283028133905146,-0.039017726707103566,0.11585567254912124,0.0021061292550516235,-0.005411706462200631,-0.04229898915054746,0.032399091917906055,-0.0036238072449223356,-0.0068547770254312876,-0.01414682559954992,0.17937640238301622,-0.04064438274190916,0.01272519321515424,0.01884967053991254,0.04392902942090506,0.019497512026984184,0.026100711255840868,-0.009529228010798318,0.03821601721749278,0.01880533154997894,0.0012021319888604147,-0.0007107397058621503,-0.026938120224736094,0.010265326240364706,0.006470869305071707,0.030229116731027707,-0.013235754614828132,-0.04073783199000713,0.002453461674109937,0.021349989301738096,-0.004961742296026634,0.0009895654872937925,-0.023647774988834712,-0.04187998936830624,0.018109054429003832,-0.009674729848507927,-0.02669785920896053,-0.04694096515099153,-0.0026453786561779842,0.006269742314309719,-0.014300185232708047,0.02952008616467092,0.00532189934885541,0.32084329133793144,-0.009342841007321962,0.015177711954333683,9.210741898547081e-05,-0.03445320350675012,0.026724229588167007,-0.011046842032423058,-0.016182507295799977,0.04223619414841366,-0.01117172999165662,-0.0015906921531469225,-0.01595985131755421,8.523796594836245e-05,0.00514123955939864,-0.0025278625334496083,-0.01604297058992483,0.07408934053229659,0.04358207723395029,0.0194630602599697,-0.03193756827963906,-0.024848425391186688,0.009670611847495994,-0.00396027668395991,-0.041375093984574327,0.006010139668083068,-0.022658247963912383,0.027171230524412514,0.0030363264394864496,0.06908528712594846,0.031010158619072734,0.02021886778241604,-0.016498488514604587
0.01071795267059858,0.04766851179196645,-0.062260231505415584,0.019516610608052525,1.0,0.02969379673824334,-0.008960174541062777,0.021381850643931544,0.019114556644100927,-0.003453890351205362,0.05763188215169654,-0.013409532495669606,0.04044603547020343,0.04834932266152328,-0.00875825381603363,0.006191009479680021,-0.012619745995345582,0.013382091883765991,0.028494543588092735,0.0043891951433277536,-0.03581233538354414,0.023937132772310427,-0.023296493573321937,0.03050342158142467,-0.007639978569396919,0.0500258842143405,-0.02377059408309152,-0.0010109263349188258,-0.017873949200897018,0.010057790402941975,-0.01888319782306314,0.10863761594712827,0.010002735106503324,0.008662401629586402,-0.03117961285632297,0.042419339784583183,-0.03737126042729833,0.02244550826553913,0.001395659723973018,0.013045748944472331,0.028338017690615173,-0.0028097167652406997,-0.025544401642926273,-0.015273611961149422,0.013302860172610195,0.04337937570749946,0.029709916896672017,-0.011771536139030368,0.01482623584538013,0.017808708156591517,-0.023822302136920888,0.0337666703894144,-0.013659150462071397,0.08894248484422185,0.016801811290107417,-0.04076406075071614,0.03229253907699643,-0.013436503236606438,-0.018992271672549462,0.010762480605754859,-0.0345564318495556,-0.0038174374314907575,-0.029302852404571037,0.05735494274906502,0.011161231198617599,0.0061173437439699455,-0.04489664359221024,0.00775121390645393,-0.021678555266478456,-0.02978642170988636,-0.062258024482382934,-0.0177073117181219,0.037861572426201445,-0.007387296922575492,-0.01058014926036217,-0.0008647478798980056,-0.011958601182793713,-0.0009802659686938729,-0.004387560890544396,0.054781600548764915,-0.017534038977847125,-0.019745354568653683,0.02905461389662024,0.04300784271630248
0.015549602573620399,-0.03298620660526226,-0.05295105290128984,-0.020120387708321943,0.02969379673824334,1.0,-0.04988828416703248,0.12393053075120865,-0.0023402197389339905,0.10931988664762399,0.034165702859915055,0.0324403776625093,0.007761575255592757,-0.0004695772049006974,0.058905827134497775,0.0016749179791958582,0.001820480325219721,-0.023661477581927125,0.030765649892826163,0.04332450970052814,0.0018367321284499425,0.012896157375687563,-0.0009446839437097691,-0.0347550819992063,0.006905603011481259,5.7998601139510684e-05,0.007635860084537412,0.06020965502364932,-0.023084721736283557,-0.013150998455891664,-0.022395200600863405,0.03981448087921546,0.005586421116602594,0.014031410414311858,0.037684057883798715,-0.017198534087961417,-0.026870879191311692,-0.025228506244845333,-0.01559514963665013,0.03160626230650442,-0.002382550973968644,0.013493553422384586,-0.009759716979585333,0.019962333352160574,-0.0023414279149586406,-1.851934640562827e-05,-0.03394770398569074,-0.008599703774293371,-0.026665619531729693,-0.02600471694012791,0.03071126237262329,-0.0011435777729918342,-3.263293212121459e-05,-0.03820638566396976,0.13314006161485112,0.025844023838790645,0.06555837556495431,-0.0057971335813662974,0.03265929371053214,-0.024999343851366616,0.017466331889456465,0.015408911939133496,0.01550621183761547,-0.009092496524722049,-0.0065502717321652415,-0.03536267860461395,-0.005513954325004752,-0.01832178664005312,-0.009886547854760761,-0.014644757764934098,-0.010402109197768053,0.030296914096211994,0.01424173277592956,-0.0023225395402685935,-0.03773555990118405,-0.03150655624232106,-0.008330107989655474,-0.025632965996608942,0.019665801495554337,0.009365534839391499,-0.006339795987350905,-0.0051808891428729124,0.03047339540256495,-0.020942198095638413
0.03548093444341524,-0.014589701946668199,0.1916331934202015,-0.023119274492989738,-0.008960174541062777,-0.04988828416703248,1.0,0.06130926021984905,0.06857942187623514,0.043645480067629014,0.015415210628408955,0.002836200524461026,0.04386490781764834,0.09908521025981751,0.05405752881527189,-0.019817131510895966,0.02048336211451387,0.03832667363138557,0.003374357634567223,-0.04335767254008829,0.011947721850070748,-0.034953788919176595,-0.008103183588255604,0.0601699965656442,-0.014753399031998243,0.0878331821684151,0.07919526776230353,0.03612921141128628,-0.010377958855286638,0.028837872884920263,0.0011671788027739632,0.038918567598910055,0.0016766836863102907,-0.02272618677659953,0.031875896780586055,-0.0037464760592610794,-0.03924779151705572,0.02301105685617994,-0.014901514474635646,0.029788918114395654,-0.020134643704130824,-0.01536711024028865,-0.04829730216301156,-0.01008325907966687,-0.00942081590632366,-0.02360909272450794,0.04147058368188763,-0.011581813290273833,-0.02559452267482755,-0.012572557956718092,-0.017640039583001234,0.005107457987839653,0.029151503584083655,0.01775352858388493,-0.0017272793092490465,0.1425075912996243,-0.015155163173789024,0.07480984438843041,-0.028205975300171417,-0.04221131812205326,-0.010872970869460022,0.01086756671168719,-0.00815959652999911,0.00041328385344673697,-0.007137887357322456,-0.04058024302108924,0.0007053421646810172,-0.0072336700046625015,0.00982664084175676,-0.03119646832785762,0.0320197415068299,-0.009621272253583737,0.002642608799222529,0.028159802098942987,-0.04739664408031012,0.025458629437597184,-0.02821036441939272,-0.039336182471744495,-0.03567275753326607,0.040028612530606925,-0.0056136658797462154,0.020706600605363914,-0.009764446504769238,-0.0073317059683106565
-0.022883526956872038,-0.004385066921992399,-0.05012971982381818,-0.02441869234372366,0.021381850643931544,0.12393053075120865,0.06130926021984905,1.0,-0.02061143214647621,0.029785573944098153,-0.002985702327418856,0.019299245284081765,0.00010007752505108509,0.08748401945435255,0.012313227359450826,-0.00954419833177771,0.09188245680026351,0.02005243993382844,0.0215957846723795,-0.009846685571939507,0.004752009186374322,0.04438843512668572,-0.014785227543204962,0.007474597903349321,0.0026752821359298283,0.008317904599925817,-0.029280522594634432,0.03811240737885564,-0.01713572708883901,0.08243764141984887,-0.02615328419193714,0.005259866710472429,-0.003190495768409443,0.026965032240734273,0.010455300783868176,0.009672414255722475,-0.028824166999200353,0.05168815616462803,-0.018870880678264916,0.024227363079647447,0.013873691756824446,0.037873580315869695,-0.025639921837969547,-0.018230071565685617,-0.01810989391285466,0.00377274288596161,0.004691725880664963,0.03528796263167721,-0.015147370370668784,-0.026381661316960268,-0.009025157997294912,-0.001650930853425218,-0.02879236476686937,-0.02302003931354952,0.0490327104768842,0.005033177256297094,0.0762509477870289,0.019301025606967746,-0.03769779497697504,0.009002508030979817,-0.027685687074939593,-0.0005385768057901021,0.012683380695000935,-0.016310160287044944,-0.03693924522984469,0.039477247649025694,0.010912939060908542,0.005753130823621762,0.0023286161255185595,-0.01080045196826821,-0.005202943019123723,-0.001695829651985884,-0.042272322153270196,-0.013783965783937726,-0.012597547456686942,-0.05844818057514022,0.01850608816545832,-0.02609644208292555,0.008537917146840848,0.006225437425434871,-0.05772879306656703,-0.01464857071209683,0.019194821885497863,0.010637595282274322
0.015136108694239125,-0.012731156231487992,0.03605366617583988,0.031124772276981714,0.019114556644100927,-0.0023402197389339905,0.06857942187623514,-0.02061143214647621,1.0,-0.026361484824942848,-0.02462946616374389,0.0009673514020095565,0.02686332664998134,0.009415790337874147,0.10065858703070439,-0.021413525220046168,-0.04735508732223663,-0.012064533871680733,0.016779642874421602,-0.01958396956719326,0.02490703499060709,-0.013788727969032034,-0.02756458501303644,0.08666525095923026,0.007840553330403672,0.002362477587601944,0.051164318873797354,-0.008272699807771344,-0.023002717460903876,-0.02852655804259859,0.04659138455075499,0.009208612737282901,-0.03784199000357554,-0.0458359854411317,-0.0220603953970969,0.03549182562208735,0.028005731803731938,-0.013824198980381343,0.0185647320984256,0.03282667166200211,-0.019670702655764618,-0.034634812681898976,0.019197270683637024,0.0019401654081395445,-0.017539596016099942,-0.03585174122839797,0.03505409375105648,-0.024264535913375938,-0.026687787429862678,0.0029676130452010977,0.0015082411260794037,-0.008941400732411413,0.01714106304676108,0.011956715968042462,0.00034352037657982705,0.03877875554038177,-0.056856771173331606,0.27217294154495564,-0.01910131442293743,-0.0024266264963479574,0.02949100007094944,-0.012123746726941309,-0.027881669741445386,0.032348958315889784,-0.026304635404435058,-0.02443713875972061,-0.010587027472119814,0.023057947228716923,-0.020239759287495475,0.034599856583212685,0.04832722936849884,-0.01826067034597558,0.04975444717001075,0.020637239895042913,-0.02688454491883763,0.019268895812942877,-0.02511355716304628,0.02572841100453378,-0.042357491680769487,0.0008565916171980338,0.022644738889642323,0.015407282254924637,0.012999285935766224,-0.008289400096980079
-0.007862162522044051,-0.008402541232735034,-0.03219925417664553,0.060283028133905146,-0.003453890351205362,0.10931988664762399,0.043645480067629014,0.029785573944098153,-0.026361484824942848,1.0,-0.0175333465898742,0.10580563543397849,-0.02173266533555526,0.02930479710678571,-0.004590659012000038,-0.004398832995768127,0.009936647808640947,-0.012306805341936124,-0.010418206530456615,-0.009146958853520949,0.004265134971587558,-0.012377423519154978,0.015628751980670916,-0.03572687087586238,0.030187457874634904,-0.026508050235452565,-0.003883664217868874,0.009896492030588577,0.018698268689434805,0.01667526615502991,-0.02147016369554075,0.006190406666761957,0.015302617183514413,-0.005168283108359028,-0.019436378799358785,-0.023467170205502152,-0.013603155415371599,0.002292705681525072,0.01614670608032078,-0.04247049338683576,-0.012720354921525307,-0.039605503693414555,-0.0430702310189516,0.003496673989332409,0.01570417136404161,-0.023360710508941937,-0.0029866437361679137,0.007420377436599001,0.009024032691900451,-0.0049609339191021675,0.022512684988410133,-0.01811379862407883,-0.019740056242334856,-0.022766670364735696,0.04919296867057771,-0.022565226124057328,-0.023461878156526516,-0.007880636051846288,0.2615592318450982,0.008498309529185928,-0.013527065882505714,0.017446678172896385,-0.019834940639220654,-0.026899099899622397,0.021767895213762274,-0.011894670423471,-0.010597155942512296,-0.05272689650629675,0.013881792030217659,0.014092860499495893,-0.05305764022513383,-0.014804032877272093,0.009381977186388552,0.012921969800904074,-0.04681578575860592,0.01962687703893034,0.04217658825835996,0.03651319149581851,-0.01878811173241087,-0.008513360590817807,0.01793977424031316,-0.024858117919645185,0.0170574747415504,-0.02162011521798222
-0.022780141554454722,0.04025774616642843,0.00045137239695135825,-0.039017726707103566,0.05763188215169654,0.034165702859915055,0.015415210628408955,-0.002985702327418856,-0.02462946616374389,-0.0175333465898742,1.0,-0.035337874052754494,0.10459497941670871,0.0032512377995157714,-0.03053827239897908,-0.02001967973968742,-0.0017257228147691953,0.12010262499635306,-0.011339352180495999,0.022553081970067196,0.030810414683944333,-0.030612861258200324,-0.018565762065574563,-0.01785124039404153,0.0108934651583784,0.01665083445049964,0.017991114884045874,0.010283832014775271,0.04355236859690765,0.028102057782554764,0.011662855086254753,0.06058798298474426,-0.0008092592855274645,0.048760694875185376,-0.008380569363281899,-0.014086497737279335,-0.027597519662229234,0.06452349254909392,0.0010785122989049425,0.04311537244092722,0.09992743543160613,0.07841394724493969,-0.03218743317067753,0.011095487395180155,-0.03405609972697404,-0.005732836799560398,0.0027806493175486285,-0.03186403459311656,-0.005896503669115212,0.0049179960583540325,-0.0011104482764289945,-0.07153372410879114,0.014771372953556993,-0.000357264234345615,-0.004929087641521536,-0.01230650552597198,0.05003938319175747,0.013698633272921461,0.014290572292279364,0.12835210193002364,-0.00245427069989754,0.05438981449881076,0.006367769961664738,-0.035082058834327745,-0.01666828152499916,0.008425265837766135,0.03932942346181221,-0.002390241765929952,0.026938570590316215,-0.0022938967755360153,0.04276209572792046,-0.04191404037979805,-0.003983013509080166,0.05852647062321805,0.01699123801823109,0.016311428326499976,-0.030137615755744286,0.0003869030595751806,0.0038789866011104675,0.019137109355823367,-0.007644687290301995,-0.024566875910764424,-0.035827749150666895,-0.0013303409724068126
-0.013753927950268852,0.03536328109776667,0.0010859735722131975,0.11585567254912124,-0.013409532495669606,0.0324403776625093,0.002836200524461026,0.019299245284081765,0.0009673514020095565,0.10580563543397849,-0.035337874052754494,1.0,-0.020230663340419328,-0.02947218521403456,0.014661010524068752,-0.03317815496661952,-0.011751659878918833,0.05424586691551743,-0.0041580601297654665,0.10519573124327265,-0.01824392110644182,-0.02638624228264984,-0.012769210176800844,-0.046330284263207046,-0.012445900754385257,-0.012934239924517378,-0.026651907277185558,0.0007877487253634842,0.01465930088760231,-0.03870781159444538,-0.013556256259121663,0.024225740210603662,-0.006398045157954973,-0.016779329122376275,0.030180220118118863,-0.010342868775626225,0.0005184620164957167,-0.0377682878711145,0.011484811116733013,0.02734382253158754,-0.03856279390449737,-0.00922732512300288,-0.003381580055153722,-0.0027016891117480884,0.0011992369144966462,-0.010860384921537673,0.02428851095431038,-0.0010312150276174557,0.018822523150638103,0.06110773952001851,-0.04341345359069471,-0.034886133284595534,0.029789417542983216,-0.003829025205060755,0.03764688282537035,-0.008310709851557236,0.010085978002392056,-0.03971942712219619,0.02295419045547192,-0.001669143390096013,0.24404719056750035,-0.017413388144758384,-0.004921886410158021,0.03336532583202533,0.026109196148239845,-0.026316994904104947,-0.009229938454519646,0.012342216123579634,0.06904402811277753,-0.032720587331468924,-0.03904142498619209,0.00829943906417292,-0.00370930998910914,0.04033533403201624,-0.013102724368037779,-0.005219914340439138,-0.018320748415079597,0.023716753356178573,0.0014952584695779054,-0.027629698406188834,0.005728389882077403,-0.028241432688335014,-0.00603081747844485,0.01489782140294342
-0.025988474183049615,-0.008442888135013957,0.002667465794316144,0.0021061292550516235,0.04044603547020343,0.007761575255592757,0.04386490781764834,0.00010007752505108509,0.02686332664998134,-0.02173266533555526,0.10459497941670871,-0.020230663340419328,1.0,0.02215054248250281,0.018899421135446518,0.028479759065030887,0.025059379272094215,0.06460892779307993,-0.009386200617118017,0.010180282842173797,0.01826605798259187,0.017831402871474472,-0.0050418542017242095,-0.025658016564159714,0.09730025244956136,-0.0014649927609509303,-0.0048790639981688465,-0.014153320105090164,0.005762236418807977,-0.03945398915481151,0.08290763011141432,-0.007315825796022835,0.0004663852019024856,0.033962905174112816,-0.02230624187823634,-0.012583944659959963,0.0031815254471687974,0.007242551735677675,-0.013729472752722337,0.017941786462275348,0.030995050240026367,0.102475727480845,-0.0011470690264772775,-0.029141660690116093,-0.0116084003617402,0.0650055065156935,-0.008998461486168665,0.059053635779095365,0.00574175680735039,-0.02561089037890237,0.0004281529709478896,-0.03497968554260278,0.014031015348657559,0.00555882480149323,0.01857923813182127,-0.004932410993394471,-0.029561410192967146,0.022360771854291722,0.01736976926228923,0.059727196845477,0.02766275409704651,0.34492546433056287,0.01664117553358247,-0.018196271918633114,-0.03698387525873504,-0.014736057226225346,0.006922656068030746,-0.04156032178000423,-0.009542781797670357,-0.011408312829980186,0.01919042772248771,-0.010612767246939403,0.015558063547053452,0.0039039740393182077,0.04263186374946199,-0.02592604845515233,-0.01788050841115501,0.009516791258513282,-0.013212726517932748,0.06400691660463582,0.049664671751340456,-0.011559492555903982,-0.021551992843961948,-0.0008579119423371079
0.16535427362237554,-0.0023351249410238166,0.05145639682603057,-0.005411706462200631,0.04834932266152328,-0.0004695772049006974,0.09908521025981751,0.08748401945435255,0.009415790337874147,0.02930479710678571,0.0032512377995157714,-0.02947218521403456,0.02215054248250281,1.0,0.009352965914094909,-0.015497772751287515,0.023553747658080333,0.05659634582729582,0.05675835978636173,0.029010199773786667,0.02690623054462721,0.007202190299695701,-0.015307669295901851,-0.05072197397467789,0.028895418910800517,-0.008189547790273704,0.02373466796335132,-0.04914000914762701,0.13076199487016507,0.004987969916031937,0.10160280807466031,-0.0010472204703497981,-0.010597929843616693,-0.017330849376629584,-0.013507348795213241,0.008802241909320122,0.023537047732544142,-0.05680120658036736,0.003299032386082635,0.03794520988025224,0.005387070358455453,-0.019593669768563665,-0.0016400067837055905,-0.02355763129319789,-0.03985829098808057,-0.016987954942629974,-0.00783146012232675,-0.02614035473880723,-0.0043027262396221075,0.0474866926329647,-0.009293930646005366,0.03557867137864484,0.011112806072101114,0.007613642132299722,-0.021796790467018892,0.026104778754954906,0.021317514067781127,-0.019361131419401156,-0.01015212613912427,0.07217574628807161,-0.026948124192283273,-0.018018083216348846,0.06488660379812997,-0.0075100877861502486,0.03789538776794666,-0.04164881720315303,0.030508187113287868,-0.04124829669587291,-0.000621392245353253,0.006517035687370708,-0.03012137552775788,-0.02794680216611582,0.012468792672495338,-0.017755628667358723,0.013040751611683474,0.04139136426847944,-0.04658613326228618,-0.03794700931512912,-0.04272694137935685,-0.03274127690501769,0.033380484987724925,0.005608987423023271,0.015200224724877599,0.03640612280126072
-0.045775791080652835,-0.03909855814720722,-0.022579959462737522,-0.04229898915054746,-0.00875825381603363,0.058905827134497775,0.05405752881527189,0.012313227359450826,0.10065858703070439,-0.004590659012000038,-0.03053827239897908,0.014661010524068752,0.018899421135446518,0.009352965914094909,1.0,-0.021288497875105082,0.03772333881037005,-0.016370013779173326,-0.002486191317370508,-0.012890348140207316,-0.00048652163007744493,0.008977918646205568,0.0006454766676025414,0.06239914211368148,0.04019748469422412,0.01595311217312472,0.012314855027390685,0.03890574031761822,-0.04289885095849594,-0.03868206080583459,0.002091568377897613,-0.02489569885988922,0.05403205620830708,0.02943986667785673,0.03723478211225734,-0.014423009098702175,-0.036912849956906316,-0.0036139107196408483,-0.010832605632749319,0.11966173536104428,0.030384728843981076,-0.005571642162409564,-0.04114126696784038,0.029107622211516474,0.02413342458229193,0.02397950020941141,-0.009358322883909238,0.015459219094208571,-0.0031629936346284247,-0.049921287822605465,-0.017855457904208387,0.05529418819736405,0.014887367642447304,0.03450549881892242,0.013890890621595908,0.004189240599548388,-0.044689960794235956,-0.014410264736446519,-0.021237390026486308,0.013369950441040545,0.024144083218324345,0.03692025080600638,0.03159679033913742,0.15481891125195393,0.015409638927865428,-0.01592177897480852,-0.0073019863836099284,0.0063918386344215105,0.03591883007616646,-0.013019411619502163,-0.0006254094706720268,-0.028395715574005453,0.0203784952603346,-0.0034652447014187366,-0.048845957716020294,-0.013757342738151357,-0.025915393663588512,0.00668266978422677,-0.026159592731213238,0.0055655428819555795,0.018423374106779068,0.04145302166023778,0.014597672419540342,0.00904936045964572
0.012761963785994467,0.015525323241687618,-0.001958792446288108,0.032399091917906055,0.006191009479680021,0.0016749179791958582,-0.019817131510895966,-0.00954419833177771,-0.021413525220046168,-0.004398832995768127,-0.02001967973968742,-0.03317815496661952,0.028479759065030887,-0.015497772751287515,-0.021288497875105082,1.0,-0.025076082463850048,-0.0067493134535985535,0.045199352980449185,0.036333898325245986,0.042713802195163034,0.07142291643356798,0.06803797880227594,0.024235603414451856,-0.024994881817301428,-0.004407625610907129,0.0027331266393759448,0.019744600085507043,0.006099698890382232,-0.04190269015870976,-0.004219606326382748,0.0011023040664476982,0.008675946938545785,-0.023362241030291067,-0.007028683443681948,0.003336074075720633,-0.028773654466697707,0.015007499750222721,0.011764251040794682,0.010880767730813909,0.010501215301457123,-0.03477959919675218,2.2245200959669642e-05,-0.05317057422493002,-0.016434203557940494,-0.04519887697150642,-0.011072941699623097,0.0036138031331985373,0.06528971096095992,0.043138831459100975,0.009061228328201124,-0.035203777366669894,-0.02281926367854356,0.008338450467001535,0.009553277854930013,-0.0063498972075713474,-0.013604396590714118,-0.031199672191201514,0.013250790972457516,-0.03505547656319249,-0.035995837933828746,0.00527434485979658,-0.020110422372128692,-0.04332242617876652,0.41723735283665087,-0.027953713910331315,-0.00618083338812885,0.0022167562812410633,-0.006108301979296134,0.028453446553227593,0.021773363995817255,0.036073014449155553,0.005271772626597818,0.020067797027834237,-0.013008436219440797,0.004075341698037685,-0.02601998646434303,0.009734262078030692,-0.02240153323721979,-0.005780115615207936,-0.005379860922820035,-0.005397185569481909,-0.0056388059629815775,0.037049135526112005
0.06254202381044961,0.02635482490350544,0.09276341170061246,-0.0036238072449223356,-0.012619745995345582,0.001820480325219721,0.02048336211451387,0.09188245680026351,-0.04735508732223663,0.009936647808640947,-0.0017257228147691953,-0.011751659878918833,0.025059379272094215,0.023553747658080333,0.03772333881037005,-0.025076082463850048,1.0,0.04107866168085238,0.2284658332751154,0.025312856258310507,-0.013522895807988261,-0.005987184012507223,0.031150983773763817,0.02846604662635077,-0.014340940764124028,0.07196982930716568,0.010121350058738359,0.04246554547225736,0.012292211335870322,0.06934058222639015,-0.019577618081955277,0.001038074938137048,0.010815717351526217,0.026956554284381377,-0.011269189515650204,0.02404095472852543,-0.02569115276261439,-0.018320304684592413,0.07983954744441413,-0.019338202771353487,0.0002226831048336307,-0.05534454161134342,-0.022531530361773845,0.019309726334385154,0.00515022296540761,0.012598970920625771,-0.0015615365777838098,-0.038226341947505,0.018623597869573717,0.017560325232102488,0.00496550525606325,-0.006540939677792289,-0.01310983280928964,0.01913169306916562,-0.03045356108824365,-0.011614821714090662,-0.010098766978318302,-0.009149779469199083,-0.02018261995871265,0.0009377115379514366,-0.00397612502227048,-0.04858312141651636,-0.022486260134521485,0.004786129724889417,-0.024088009637471684,0.09207655214076388,-0.043674058755385145,0.08297995720628525,0.011946061825567272,0.005413106530660846,-0.03294119721578872,0.011985636650800961,-0.033450063723412186,-0.03757827510122123,-0.034412418287370586,-0.00992620016220527,-0.02562778211883621,0.018678658995022808,-0.009996135112459637,-0.011437554418586262,0.013890313079119065,0.0401460129389666,0.003228631197108292,0.022214564675860055
0.03164706657037801,0.0076763867107114666,0.021935039569591072,-0.0068547770254312876,0.013382091883765991,-0.023661477581927125,0.03832667363138557,0.02005243993382844,-0.012064533871680733,-0.012306805341936124,0.12010262499635306,0.05424586691551743,0.06460892779307993,0.05659634582729582,-0.016370013779173326,-0.0067493134535985535,0.04107866168085238,1.0,0.1387549514715395,0.030911977394811798,-0.03846119759905968,0.0369688450267358,-0.0025501991771563937,-0.0392859695008287,-0.02122023072579739,0.03824741570042996,0.019443870707158355,-5.69347646389826e-05,0.032062099483241166,0.03336356161457835,0.03677188629657347,0.037832799003387915,0.005170075557130705,-0.00906074858863524,-0.01301910055201424,0.028504785004174728,0.0415592557061192,-0.01756731586875852,0.005307751223372958,-0.0009522868365070288,-0.008846643291128265,0.014313588358135048,0.015910929037745148,0.029642610402409907,0.012578338954403233,-0.02329322493993137,-0.01257591489957449,-0.033375822844203866,0.012797942581048175,0.019912957464509447,-0.02088843683462741,-0.004331258864254949,-0.026332389472121097,-0.022330060162767965,-0.002229805230995064,-0.036856364385915406,0.06696065619607199,0.0034991285842966026,-0.02232542797459801,0.046709002086987576,-0.010882191129275236,-0.0016258463885506123,-0.0027342772132336324,-0.008071555791940995,0.024823018373064408,0.0006598319834939143,0.13496386436080093,0.015309292942733706,-0.03669666960852668,0.0034311474546838954,-0.002621786086791339,0.0014183033955041413,-0.021301334992216685,0.008119652651580557,0.002883162608493458,-0.02570953157931763,-0.040595247797046055,-0.0037668272615260234,-0.01279062374521843,0.052452327482613643,0.018974006889297058,0.00870148695025883,0.01793018836964904,0.03249019519548531
0.015341339845953027,0.017333374053245112,0.07580845078355507,-0.01414682559954992,0.028494543588092735,0.030765649892826163,0.003374357634567223,0.0215957846723795,0.016779642874421602,-0.010418206530456615,-0.011339352180495999,-0.0041580601297654665,-0.009386200617118017,0.05675835978636173,-0.002486191317370508,0.045199352980449185,0.2284658332751154,0.1387549514715395,1.0,-0.011642275127288678,-0.022840612900503206,0.0032746675558570698,0.0063415365705641715,-0.03929000187838091,-0.030304629363621795,0.033008359614300244,0.02345718081656488,0.0025697957523447084,0.018144803457357684,0.044595744546064846,0.016519150766792567,-0.018073296664463764,-0.03952415372203045,0.04632331543640679,-0.010980193322414856,0.009057651915929487,-0.009745895735293098,0.013709939118233094,0.02445244399937879,-0.0006505193188847825,0.010868364489664347,-0.01233130064399719,-0.015626475041124445,-0.02754915036928651,0.036637324005826366,0.030607596266566568,-0.01783869285030303,0.03350294283664962,0.0047577955763388954,0.016161244720881544,-0.03431193679203043,-0.01107445890663403,-0.014301240361616946,0.04087227437960393,-0.018866122938689937,0.005527359059140935,0.005655224877504583,-0.02052616350596842,0.025835809845403422,0.018486310539142493,0.002102083282944321,0.005116718866503679,0.010583124498349264,-0.016574571873407162,-0.05135774603588573,0.02545505930630824,0.04096871615017541,0.07811770510341016,0.04220051620844342,-0.013834777572833704,0.003642478092150659,-0.02972199557256943,-0.07991791985091137,0.010892429051846899,-0.03291026070727705,-0.010555456594778191,0.011786795206853213,0.015875075574265346,-0.042844288841973485,-0.03667490271125694,-0.026480721953177168,0.025453331299949263,0.0028514065691391255,0.000871242684343634
-0.010560185555044208,-0.0358248641961408,0.04324704903668344,0.17937640238301622,0.0043891951433277536,0.04332450970052814,-0.04335767254008829,-0.009846685571939507,-0.01958396956719326,-0.009146958853520949,0.022553081970067196,0.10519573124327265,0.010180282842173797,0.029010199773786667,-0.012890348140207316,0.036333898325245986,0.025312856258310507,0.030911977394811798,-0.011642275127288678,1.0,0.01729527729373752,-0.054671026842501,0.002628054963959038,0.0032291955751012976,0.008336302444709868,0.018246552541254398,0.026607272224518853,-0.004836968281490146,0.01671379265388832,0.005689207385882555,-0.002425082332910665,-0.020641215623885913,0.009636465385887106,-0.013671856505230964,-0.010131328682075658,0.005401715837691502,0.002573712742727128,0.022006948661157134,-0.02311263472234892,0.0222675881038846,-0.020068087107745658,0.016967825457551343,-0.02213246597727849,-0.012296175074995797,-0.03989725653874317,0.035065443015322016,0.02441565822530534,0.02330866572927546,0.004329741425854771,-0.013312203518405855,-0.007187212956916403,-0.04129688730635259,0.09576792989634454,-0.018215784040406423,-0.01350565383216408,-0.0027561673835552335,-0.03760200129014749,-0.03685533785592079,0.03916147538223429,0.008140476787320045,0.043855242241054505,0.004230294832421343,-0.00202052605901608,0.013190767094621365,0.0035810522671353403,-0.0018742782094413723,-0.019997218334884846,0.0028808502061170196,0.2837418635963285,0.010572286581368728,0.024310144588469546,-0.03088542749073795,-0.01092843344588397,-0.019008201451387045,-0.002339728275584097,0.029506484302302738,-0.01736924321796373,0.00975485328316947,0.007013121670414568,0.007814014546750346,-0.027217734145359468,-0.012205608556287804,-0.004847430669005923,-0.012982980547962765
0.021629635920202082,0.010018326045461722,-0.018911027333254515,-0.04064438274190916,-0.03581233538354414,0.0018367321284499425,0.011947721850070748,0.004752009186374322,0.02490703499060709,0.004265134971587558,0.030810414683944333,-0.01824392110644182,0.01826605798259187,0.02690623054462721,-0.00048652163007744493,0.042713802195163034,-0.013522895807988261,-0.03846119759905968,-0.022840612900503206,0.01729527729373752,1.0,-0.03588355511376549,0.25888012366694535,-0.0031127893186994483,-0.0025740519631115583,-0.08098548683035103,-0.005437057519717245,0.018547775239334,-0.015832338883785154,0.08249178159980089,-0.010013225691107496,0.007881864198660072,0.05141588892192221,0.03887629817366925,-0.07480677422867084,-0.02767124496680414,-0.006133226515006896,0.018926061147307313,0.0008153609092914521,-0.017003596564597018,0.0005002531836124501,0.0227097776368528,-0.038547058907921546,0.0021556472868104167,-0.01579718404963638,0.021604253180839965,0.005917703586598796,-0.013800005098991817,-0.0016343264108990758,0.05311918311447016,-0.031235653557984387,-0.0060712202971690615,0.0016004980464524895,0.045679238786183934,0.008911715588479313,-0.027679303086496604,-0.041159164604651514,-0.04985768013657796,-0.007572027602982658,-0.004708457170642244,0.03189304796260423,0.010905468303494951,0.0008669092962237101,0.010949318658712083,0.013875589174974673,0.0106206649679248,-0.006059139008218375,-0.05957569627755403,-0.009622620014033025,0.2212649170946846,-0.019819645059529097,0.06539366417299372,-0.019548835150142076,0.0035029166415197948,-0.03425763302687329,-0.03887166480651357,0.01525305321229523,0.025623320182911403,0.010041092700269693,0.008940458897717768,0.034650652139596574,0.0028321805537283866,0.04248719443030703,-0.024801463668463343
-0.0516707564981563,0.047787278704810185,0.0025954219370843525,0.01272519321515424,0.023937132772310427,0.012896157375687563,-0.034953788919176595,0.04438843512668572,-0.013788727969032034,-0.012377423519154978,-0.030612861258200324,-0.02638624228264984,0.017831402871474472,0.007202190299695701,0.008977918646205568,0.07142291643356798,-0.005987184012507223,0.0369688450267358,0.0032746675558570698,-0.054671026842501,-0.03588355511376549,1.0,0.03371819889308307,0.026343908406296385,0.020289687586088467,-0.006824005203858051,0.013635692734097902,0.05176009407508311,0.04735168909938563,0.046287749341291234,-0.01742308385156969,0.017641811138932723,-0.01651389011781774,0.016507496524495797,-0.09120789810691118,-0.02774844191491711,0.012785018931473657,0.002447882133963,0.0018416363830952847,-0.017359624580095916,0.02934766072109138,0.009637384659625835,0.0028221376362867214,0.03402633827947086,-0.009396647848024778,0.001766445900659825,-0.012452520380614429,0.02513148523024891,0.011146129025575725,0.03753556243681882,0.08581489635642438,-0.01591495550881372,-0.02308932966312243,-0.009224580501192995,-0.013923309284500083,-0.008198744238895564,-0.061000418275747134,0.017123565930559196,0.008182182125272126,0.024933696650657346,0.018345676859823332,0.00680887023243907,0.0010543682283446023,0.000703549889878482,0.05851694895250626,-0.03300436165679924,0.010897477371457829,0.01972112427582782,0.03794512568310597,0.007982222799774823,0.3082101280281515,-0.026689583954693955,0.02195416455249926,-0.009253559152609902,0.002275350681714151,0.020283312272647923,-0.005870152333308377,0.04095681694221196,0.0328025561844902,-0.046237365360942244,-0.006016035114199077,0.012106099039049856,0.0006988565724104525,-0.0010546035187096936
