1.0,-0.03160014317497339,0.06352420534519686,-0.017988810581667375,0.001503501116729412,0.0056980286347320585,0.012467563306011327,-0.00485647076148123,-0.0004896915595780637,-0.027147179887858613,-0.01605766958755184,-0.0033242858740802485,-0.015397122052631355,0.13740350627871514,0.0040160655000649375,-0.013737573055263656,0.09240915475452009,-0.003977004147276199,0.03466512284498971,0.011983721633158225,0.006256448513327691,-0.008248096508793438,0.0162131357619468,0.022512906591300508,-0.024296482754572964,-0.02627468564632655,0.0074628071478233275,-0.02039241728466585,0.15898558573158536,0.03420060306444415,0.04963675863788739,0.03877273345478215,0.022289782179012122,-0.004973426051593322,0.013485354052830953,0.020127235957396603,0.008683965321919201,-0.0018795620049855896,0.02798034257588358,-0.022191702271495462,0.028201674004209244,0.019692483951225692,-0.028913498776621038,0.012106625830221597,-0.00744387677923158,-0.00708781979723568,-0.023162013820866714,-0.0328720367225887,-0.016680223408875056,0.11946625099440239,-0.004743862782503265,-0.003920124054740174,-0.019068192375210694,-0.029281643357484843,-0.01948844284294003,0.022142994969059342,0.011343203678419516,-0.03480327572998527,0.010430392696039332,-0.025332638965077037,-0.002955256905271346,-0.023249898415520238,0.057619010536698066,-0.02170097906374206,-0.0027940136422066214,-0.006439379184927613,0.014884776250318045,-0.012814363259782817,0.0016685509062375333,-0.026902063200210297,-0.0013686468906738281,-0.012825350440730363,-0.01869691664769792,-0.024947382830129265,-0.004198681050996043,0.013616745524391486,-0.008165985793846265,0.01165535351821216,0.04995382213813216,0.00508944720893714,0.03152382319639364,0.014467808582802602,-0.02707649538436702,-0.0024468791199826674
-0.03160014317497339,1.0,0.003797867125360047,0.009106299792437619,-0.009371744232091896,0.022362982092915398,-0.03764968023750531,0.016634958977764364,0.003440206768157846,-0.002288931386016896,0.0062303409893070495,-0.032139623261942175,-0.01105196613456067,0.016080937045962872,-0.02652914189447549,-0.002324635421633423,0.03724848508422611,-0.011753012978935847,0.02489730685989716,0.011510672199405587,-0.014550825118075828,0.04365407022710602,-0.02483133924929845,0.027734432548957827,0.06590817159881952,0.018740330905883333,0.046820577600093526,-0.013508405789060757,-0.020158407813840203,0.024173177513567515,0.009857826452396424,-0.013621958838894575,0.04452290986513493,0.05736782373300096,0.0039056509487608165,0.0005926355316531478,-0.02590682866164844,0.017406512304862256,0.05611099884380518,0.007566282110972412,0.00870611127131569,-0.0005628566257162397,0.011161248867908721,0.033468978540769696,-0.01029712060867726,0.008213046907042124,0.010856435403050958,-0.011741962453339064,0.02466934006786869,-0.003819780863399855,0.4254189787645121,-0.01879826107871904,0.021512348584308925,0.00938507713624054,0.027931286171154795,-0.017915013182686523,-0.01719102298285537,-0.01872587664106483,-0.021096864405967156,0.023812144658844292,-0.001982921085939913,-0.00739692649765825,-0.008454553293279982,0.026192444539997067,0.007048750285793285,-0.0023824223800784573,-0.02156509683535141,0.0010433575405222866,-0.0046338471172296105,-0.008311920091069637,-0.018423377410378097,0.0067103486925548,-0.005213180746643888,0.0339333209390289,0.017048862606303977,0.044623044049488775,0.001847447324393365,0.006125938767570197,0.004429937771709845,-0.041186840440199345,-0.005844479596699932,-0.004755280878834965,0.025200687354466057,0.01894784185141575
0.06352420534519686,0.003797867125360047,1.0,0.022205159482640763,-0.009128652569281323,-0.03369020356032156,0.1618021391462022,0.007293489222561576,-0.001934038287933805,0.009364294799446974,0.013512679854733145,-0.011309759748777494,0.013727534065848548,0.0398944648311347,0.02277937398258592,-0.037977173763004,0.10904613629401005,0.022618089261874152,0.06055627234157007,-0.011633615336094564,0.011686587690319843,-0.004135534393292458,0.024164503636354695,0.0191608708386931,-0.021325679691310866,0.11230129013893923,0.08809738753124959,0.026297068369625278,-0.00718966205566058,0.006515914025029807,0.0015829052678454634,-0.018251007227266733,0.04538929007503011,-0.0073705839023394835,-0.027058515742718375,-0.00020788720295310836,0.02287349928539799,0.009534320011965804,-0.0004773086998530066,-0.012035395726233557,-0.018873540126919514,0.01557600080690616,-0.01750579691442294,-0.0022104130558485923,0.009979015721993292,-0.023415669293845975,0.0076577151130799185,-0.005713152417118193,0.004996609544420139,0.003972932394450255,-0.04170283210469675,0.0979543511251355,-0.02213953335807067,-0.039224238975430224,-0.0015079844336736328,0.03627104741694729,-0.02899269278284423,-0.006609302235570752,-0.016881140086315388,-0.024068385385576114,-0.021059147277333882,-0.04203922155796317,-0.009312420876761702,-0.014243166019107106,-0.022273273181028477,-0.01451745593492279,-0.006608235908168561,-0.015530789258652823,0.008966302985339182,-0.0014167696718615102,-0.02894554395368647,-0.020186471453292252,-0.015943301078562563,-0.02747935140426413,-0.01917201913410085,0.004374737828017579,-0.07573107791945609,-0.0560021647112042,-0.027797713585896833,-0.03723488510644964,0.011352120785663755,-0.0019081798739403828,-0.03691406814651278,0.03862931364518342
-0.017988810581667375,0.009106299792437619,0.022205159482640763,1.0,-0.016360886079605223,0.00022478932755061267,0.015685689677573576,-0.03282508013165992,0.027194442870483088,0.028081876410468134,-0.004244807213333732,0.07701838188290791,0.0009880664164088513,-0.011674546771071418,-0.016325416222613867,0.02119943426964616,-0.019740995762587015,-0.012208721800572116,0.023005397105549597,0.1935779897439269,0.029785763183605457,-0.014226709909607395,0.008829300366834639,0.035893352854058355,-0.007460830421099056,0.0062413749531927175,-0.0012103986895372568,0.07509110668481779,0.01812898736251486,0.001167035551746752,0.008272984112583051,0.00529788140582129,-0.007343216162570895,-0.02237742473427802,-0.005036935950270951,-0.017579146516272442,-0.007138562834473395,0.007506053560332543,-0.02139283604785164,0.0006899146334154662,-0.008794196975766543,0.0037133976106039374,-0.01987808774835628,-0.021185589796867063,-0.014196421397306322,0.014932037564325623,-0.016125110456336942,0.006375968725447407,0.019387219562459423,0.021507876460426123,-0.010961048292334354,0.009884523137167875,0.3885131464243035,0.01105642675534773,0.03796030098706982,-0.0019596139349575513,0.0004544763423303365,-0.013723385862372234,0.04708646407006494,-0.0023587022688173584,0.054441784870100506,-0.0066706619435417365,-0.016174235499883054,-0.004057930030684207,0.03493018886900572,0.00692156603505019,0.014007080804488143,-0.007444563150677752,0.08866867409643152,-0.010650860992613203,0.017804896365653775,-0.0013979461099139564,-5.698644692732809e-05,0.026038706648980905,-0.023472592098138886,-0.018309945608540712,-0.011382864424009256,0.005473567529037192,-0.0014192707112453227,-0.01443085443794763,0.00027845960445187353,-0.014465535200656854,0.015633613114434744,-0.04412330071656002
0.001503501116729412,-0.009371744232091896,-0.009128652569281323,-0.016360886079605223,1.0,0.013660807414472837,-0.011892805814090716,0.021979006087899235,-0.006663497201523376,-0.005570561731652789,0.040196892603362115,0.032119713013382074,-0.023384139981713892,0.01095193489245413,0.02000881221268378,0.005710801064145282,0.012992401538272242,0.00082585988332482,-0.04074034046084257,0.004601940801645328,-0.0062855709302064135,-0.0038809498022217164,-0.034419115464759203,0.008852214067637325,0.016709494266220478,-0.00644341146904534,-0.016961620657886946,0.023723971588127325,-0.0055515946787629755,-0.015800582072504236,0.009528655087556374,0.08787261962909816,0.04293222045042805,0.021296355267947528,-0.0022381425916742493,0.019731470992064657,-0.01849412423313548,0.018615171336650475,0.04826551746854107,0.0849739558062565,0.09775545837495069,-0.012306921023700026,-0.01947285475935519,0.011354071435592507,-0.025280705394065253,0.012480391603325555,-0.0066255304352870505,0.000573702943176038,0.009247447603294297,-0.040419666719186044,-0.006389778426058098,-0.02041005215981337,0.03921429530307813,0.11138900581274008,-0.02340194340436261,-0.021054743317553568,0.03262339724962827,-0.03202020328391593,-0.01577132321723723,-0.006390540086164627,-0.0434796897884504,0.006238854950483004,-0.004562786141688818,0.010363043771396659,-0.012525174845385833,-0.003550154569992256,-0.021633702295009345,-0.0011276235033873651,0.01117770973204603,0.011842389137250178,0.020823026254572493,-0.0056511530511760616,-0.020517587577421365,0.01950380647680156,0.015323642452264126,0.02523468758060443,-0.0032648225113364616,-0.01479752095936776,-0.003614000599215586,-0.011543317256593535,-0.02542678435613406,-0.006674905249116074,-0.011782465769650884,0.04273785108604861
0.0056980286347320585,0.022362982092915398,-0.03369020356032156,0.00022478932755061267,0.013660807414472837,1.0,-0.028657110847483683,0.12737338571753057,0.0034935565521245974,0.1423247250687292,-0.022072360803737368,0.09738045220056674,-0.0006245395763949287,0.008136339958941393,0.08798149231151738,-0.036677989428585266,-0.011391033593949754,0.0130234095475974,0.023657081119765718,-0.0063715441355853926,0.011891075047559811,0.007763192605707136,0.017778680508330386,-0.006516617614739685,0.027102964697949695,-0.013568776986227328,-0.03435639845724743,0.00684244029279762,0.020165408469859345,-5.092783593334925e-05,-0.0013764578508742575,0.022060789426532914,-0.01329362348783965,0.004763149847061083,0.07879171736679141,-0.007651471402841934,-0.02047660164031969,0.012687438883524546,-0.024393065464769093,0.003849832774357711,0.04670431766069257,-0.004702770144388554,-0.020780660296526823,-0.0401786166010942,0.000650996848581962,0.002333310392743712,0.020791905751298405,-0.024350832418682997,-0.005008967411279105,-0.04002529565882542,-0.007508203450585029,0.0031499699856219776,0.004300823481709432,-0.01303863071504449,0.13543992463621782,0.009837791100522108,0.033899825478604116,-0.019622572948941933,0.02106096372387756,-0.016468669174371273,0.012016880024059415,0.004878976162268283,-0.005397753453847204,0.0005284100785540446,0.001526243582398486,0.0023332330482244627,0.003440316246315432,-0.0018765325665391966,-0.0014278451982016407,0.017180429269988307,-0.009817655369915851,-0.01866038725508132,-0.004320244328779589,-0.03249577040860572,0.019872818277197096,-0.023793444288035804,-0.0017791785059712549,-0.003298079204761301,-0.004150603389259415,-0.007480855635372252,-0.005863698026621421,-0.013991548405969894,-0.014364166222740846,-0.001390284077063918
0.012467563306011327,-0.03764968023750531,0.1618021391462022,0.015685689677573576,-0.011892805814090716,-0.028657110847483683,1.0,0.04180928586093922,0.08046473259700182,0.05418794502716889,0.004988575140336394,-0.033981379063297144,0.002968526154397067,0.16373086809604787,0.02088871202058414,-0.03982369813049339,0.03650239338704576,0.008390284097996777,0.02431657162044812,-0.02253758560290028,-0.021006807263917862,0.010542407142867716,0.01550570667713799,0.0647712530130287,0.01343912507120594,0.019734116552000806,0.0638652693713619,0.056430991927120165,0.007936559876196956,0.07172662090059159,0.01969129933965142,-0.018699977021661398,0.022255819680867425,-0.0351487067478465,-0.035508456685803276,0.009865297403918106,-0.04247811044340117,-0.017674709358963685,0.007241230415661052,0.005201805864696501,0.002066497447793901,0.006360575920761685,0.014608313857635925,0.0010036952915886885,0.005149533179857464,-0.004519353716042679,0.03257553750920975,-0.004098630178161927,-0.007867142186473063,-0.0319360704180423,-0.015850250999305423,0.005277911013214649,0.006212629576658361,0.016715229742434747,-0.014026401466769431,0.1127346313706228,-0.03786329485180542,0.03553680402945964,-0.0011986521449318902,-0.02105119394118687,-0.012427842767002178,0.03632828394198173,-0.011673321331938888,-0.006053108483221014,0.00022383055083092596,-0.021424480766989124,-0.007956465413096317,-0.054280616003688394,0.01015345189853178,-0.030539513879936423,-0.015092796682612304,-0.02661690375631111,0.038042470398622776,-0.0013651231165523973,-0.020075942306825825,0.033394714118421355,-0.02447089713636809,-0.042429624560666145,0.018798738159376868,-0.015402124763959538,0.022551215531737206,2.5433384483717486e-05,0.0020536176102593224,-0.008437638265415246
-0.00485647076148123,0.016634958977764364,0.007293489222561576,-0.03282508013165992,0.021979006087899235,0.12737338571753057,0.04180928586093922,1.0,0.0005888876721289923,0.03949012615585983,0.04004913505735415,-0.0021934669227896835,-0.002568839601004496,0.1108071561889712,0.01458128116812335,0.003194352889944412,0.04920543729921755,0.010048043616208695,0.03082371631022175,-0.00505189707363459,0.03603801802411528,0.01568042040903995,-0.017555848680551343,-0.019227353269978733,-0.02312079902105098,0.03788316560038326,-0.0006069829148887523,0.051284042467711115,-0.005270071721679192,0.084088203310628,0.017491022686689516,0.06345008591412138,0.005513708696866053,-0.006415538157258076,0.0456834022188207,-0.020399230161783053,0.0057849879154316585,-0.0026478832135256266,0.026986659177557437,0.053464790049698,0.019820304580801234,0.0061094432582534455,0.004572031213357502,-0.005490065936120672,-0.03373502051450778,0.0024996173192580605,0.018055134075154553,0.04355132370814363,-0.005511308382701865,-0.014681311505603629,-0.008496579893643953,-0.00722280898792203,-0.006344474428589913,0.00765245622132624,0.026600184117113398,0.014267464384161002,0.050865793812564085,-0.015616773827234217,-0.006176317176381095,-0.0005384818641081202,-0.017974700637716768,-0.004644627288843178,0.025622046896563888,-0.0043887413265901384,-0.0019092803099779278,0.04676296523314125,-0.002508367663728304,-0.016076205276644284,0.007713042385612782,-0.016759734408725264,0.011166134376888947,-0.0037355336568050553,0.004184248871253129,0.026776565258684024,-0.03597802610729122,-0.05364252616687074,-0.0166014916010766,-0.007186988036857721,-0.017818602645300698,-0.0013771966614984819,-0.011231493219713102,-0.02908191615521939,-0.010048616098236452,0.01598208310386871
-0.0004896915595780637,0.003440206768157846,-0.001934038287933805,0.027194442870483088,-0.006663497201523376,0.0034935565521245974,0.08046473259700182,0.0005888876721289923,1.0,-0.03914282591479332,-0.014558873206486384,0.01926614125307304,0.055596824423593254,0.03373360283111151,0.033124162576668816,-0.022405339455548356,-0.010740932721491006,-0.039776698338870986,-0.009521730826670757,0.01288755332098631,0.01228691876142722,0.046273016730729984,0.019788912008610663,0.12248601775603703,0.02661488079150891,0.002268484181888461,0.07392000249076303,-0.00810372720400466,-0.012236565162130529,-0.025573447270294872,0.045082426571650853,0.025489124049953505,0.028852459897546454,-0.004809606258420943,-0.01290823729165006,-0.009998657968117448,0.009039206154715823,0.015234831399584002,-0.010302349702784297,0.02955466966771933,-0.006298783909629492,0.01659087710238411,-0.0031412591763888427,0.02908287828805869,-0.060548558376481064,0.017539425930824443,0.02230757505459194,0.004369949840991428,0.015069665282088779,-0.024411291385474692,-0.012974124014360837,0.039622125339310345,0.020501053362780058,-0.010488221073696626,-0.02583679157426541,-0.0019450587158735667,0.010928168392699661,0.27173820802596754,-0.01777806132818613,-0.04520508179737592,-0.019665416931240114,0.01598217004993704,-0.01804643375866268,0.029381166684618834,0.006892835992260013,-0.03032430616017498,-0.02855609556943151,-0.006976771252651879,0.011553214743147527,-0.00426290992185123,0.017363842004831098,-0.0036997775993901313,0.06717260541536894,-0.020070586156194226,-0.024130353854070183,0.005719786911499281,-0.027935886317161717,-0.013415392795152048,0.004645429133411876,0.0121882764434605,-0.012741044566199832,0.009107356273465048,-0.026651478442207444,-0.013478557533699984
-0.027147179887858613,-0.002288931386016896,0.009364294799446974,0.028081876410468134,-0.005570561731652789,0.1423247250687292,0.05418794502716889,0.03949012615585983,-0.03914282591479332,1.0,-0.01695662105304073,0.07316696321210946,-0.00849977821499334,0.029857101986041117,-0.050956398192778,0.03054760527046024,-0.04479811831736994,-0.007199518013986851,-0.016164900482786407,0.0660783529405228,0.018928074898193776,0.0011816234323088679,-0.0011303448525246654,-0.018746465876632635,-0.018023244055065574,-0.03280371735934324,-0.00865234743346862,0.014267356167186088,0.035320765174804994,0.02912108666361363,0.012237916961530024,0.0032176120304864783,0.01088615763111496,0.019893567336762324,0.021914708490970953,-0.01676351036516828,-0.01728893739110924,-0.021704061949960107,0.003078470673386194,-0.04146737380770942,0.000647189962367397,0.02805461341605012,-0.016931408702929557,-0.002360400923803215,-0.0069049966931327145,-0.0011372398396686668,-0.02056772873534946,0.030082681125690694,0.022775439373606977,0.017314693927407615,0.0016041767260853636,0.01744935652407319,0.025059503225351693,-0.004418972035085303,0.03174116249329012,-0.004798782001568656,0.03270521203923348,-0.022881039446648765,0.2713634235039499,0.0021670970118815498,0.025114237923367477,0.002683979867961577,0.01589414629006803,-0.005867711239589846,-0.002008399789794711,-0.035448793089415974,-0.018887450661824647,-0.03277112052785133,0.03822818406107752,-0.012712305426175638,-0.018438732737371084,-0.02362162833015252,-0.024529713701073486,0.0153029958331493,-0.013314442541500021,0.005936007933911298,0.04582173119697328,-0.041273070422279436,-0.029125501945960374,-0.010098261389290016,0.023020403204950485,-0.006219978789759516,0.003968715873813182,-0.04424407081324206
-0.01605766958755184,0.0062303409893070495,0.013512679854733145,-0.004244807213333732,0.040196892603362115,-0.022072360803737368,0.004988575140336394,0.04004913505735415,-0.014558873206486384,-0.01695662105304073,1.0,-0.006831173908427247,0.07033963941902846,-0.004989891276185898,0.032113634548304404,0.02708759644352827,-0.009419987403797339,0.19440481718765948,0.033098095687825596,-0.023914067635471044,-0.01091958829659149,0.004500628069048109,-0.006052817332251159,-0.025176103716800815,-0.006616354857743143,0.049371123278793644,-0.014073366615945904,-0.009884321179154696,0.013870266070997873,0.036402514969777304,0.03760272170323527,0.06161506444744782,-0.004227434571034773,0.05777021637861133,-0.005248271976059669,-0.006016466732696339,-0.01630895461024502,0.019225196299048248,0.004229648917580382,-0.004958350220381218,0.0035175755969846603,0.03846778389110859,0.007008384956579055,-0.020308230919515283,-0.02856001780893481,-0.008045036317662842,-0.04809207129271639,-0.00659489846502478,0.009619420699507834,0.0002243724001128654,-0.0157007587739178,-0.04455187260830635,0.025642107598809142,0.059372611985512004,0.00114590955983475,-0.041434576766586316,-0.00028514377144256187,0.006546272597061131,0.0014954773605457227,0.17569571631478195,0.02928115681210061,0.0752574801399003,-0.008323889701202548,0.0037013241490851147,0.003751354418475631,-0.01191427557666024,0.05435063451322764,0.05492379630912039,0.005356080591976971,0.00014553899152566375,0.0008391143981641994,0.021260698714302816,-0.0027264167356444782,0.010298749236824464,0.029294671428022934,-0.018469329182952455,-0.005693749993939845,0.0091457499968069,-0.03077526676332319,0.04452778883689688,-0.046649984672791946,0.02099735552742446,-0.020543489547603006,-0.005352499697129645
-0.0033242858740802485,-0.032139623261942175,-0.011309759748777494,0.07701838188290791,0.032119713013382074,0.09738045220056674,-0.033981379063297144,-0.0021934669227896835,0.01926614125307304,0.07316696321210946,-0.006831173908427247,1.0,-0.014398163047628976,0.009847542489921026,0.0037515043466037333,-0.007826576393311259,0.01360557315246967,0.03475196616074309,-0.011902676826459858,0.11417272039167055,-0.0210333327498979,-0.023447083343489303,-0.0038601075603257283,-0.009917181638534089,-0.005442647945797501,-0.018180562558515346,-0.01437398983698729,0.0021408048888645684,-0.050734491249620685,-0.04441733342170479,-0.009688071822107543,0.003108765234301773,0.017372950387750764,-0.01972719507073454,0.0653348711065584,-0.033448603308796225,0.01448570001119471,-0.007727718039840427,-0.004830557048224856,-0.0070813934390802505,0.04077374264263234,0.00612419777329466,-0.006072679665382795,0.024355903374230093,-0.0009756152618079368,0.01061042890032725,0.003438337649890397,-0.020982837930360446,-0.03089901699884412,-0.009791111422627164,-0.01774356546156536,0.0038020603324984046,0.010820942095065565,-0.00382180709477207,0.030692474673475672,-0.004810998539043396,0.00782964717177344,-0.0009209149842165795,0.05717818513408063,-0.038805517406159444,0.21596435660451077,-0.03615005806931867,-0.026768591732976688,-0.00015800176831282214,-0.004688009960008824,-0.008796915823181371,0.008977104116661696,-0.015511123172310159,0.0707304276817549,-0.010883953521392917,-0.02843644539153768,-0.0035944612613290506,0.0068686918802854475,0.028510014823235178,0.019059065972564754,-0.013855659205851077,-0.013366652898875111,0.016301049154940083,0.0037966221427415555,-0.0021988902869233603,0.021471765685462923,-0.024735482851289167,0.021440396562330183,0.008613140879779163
-0.015397122052631355,-0.01105196613456067,0.013727534065848548,0.0009880664164088513,-0.023384139981713892,-0.0006245395763949287,0.002968526154397067,-0.002568839601004496,0.055596824423593254,-0.00849977821499334,0.07033963941902846,-0.014398163047628976,1.0,0.040280610760138676,-0.01043274919741622,0.010554192179401213,-0.015037034531964838,0.09180792260666175,-0.0067377587525382894,0.008733111593290755,0.022546483267334144,0.006765363059024299,0.014649869769372782,-0.009189981819095997,0.05883389057060379,0.011644009760223945,0.008262108662731766,0.0008308823813043892,0.003221010018281151,-0.012263345389991784,0.06427294628531449,0.031218737869043046,0.006593662074012244,-0.005945456729907921,-0.01038143050682507,-0.007861960405601272,0.0017659211495903758,-0.0014581147537470111,0.01139062794809282,0.01851960594125345,0.058750341004191874,0.15070694778780983,-0.024395031801425368,0.008335049013246785,0.019847319636071982,-0.02207305565794096,0.016194645218027326,-0.012181630223305305,0.01168269251619107,-0.043779665704067716,-0.016834985416072337,-0.02874662295273239,0.0033600933804582254,-0.003387171333844476,-0.03714424124532824,-0.021281451877912954,0.010350199359278589,0.038041431445823636,0.003659714533965786,0.04708055587739258,0.0021920880604844963,0.30226647911325605,0.024059846529972635,0.04080526947443099,-0.016194274098437537,-0.021473062322523523,0.014650591486132599,-0.019550135563888918,0.0012567854176768617,0.012563138176471913,0.02267314972064076,-0.02192303506569644,0.007602824200963328,-0.008017449599104852,0.005641035904799988,-0.004335432274428337,-0.03562376860115058,0.022380034999713447,-0.002199143111440417,0.023075528969499246,0.02847504182414622,-0.0014368211985395236,0.0017485191274277953,-0.026651278324363006
0.13740350627871514,0.016080937045962872,0.0398944648311347,-0.011674546771071418,0.01095193489245413,0.008136339958941393,0.16373086809604787,0.1108071561889712,0.03373360283111151,0.029857101986041117,-0.004989891276185898,0.009847542489921026,0.040280610760138676,1.0,-0.007033387236242176,0.014053474853630612,-0.0024532001149728216,0.07284372095266185,0.09315351611046546,-0.00829939382092572,0.005364243638588065,-0.0008316648972024228,-0.005688099674670694,-0.03374777242461622,-0.034991668876885096,-0.014869107014147493,0.03817970785732649,-0.02629169932701855,0.14877611520057946,0.04874020911585265,0.0009038589913711735,0.06387833437362299,-0.025393240613977075,-0.030350653340262723,0.015752038114465728,0.012844654077561754,-0.003556325500028094,0.002284895047642451,-0.013227530582395453,0.05354800645365445,0.02339924323910128,-0.00872180542892449,-0.04550950346005927,-0.01928423515543334,-0.001435283738609696,0.028905625433489183,0.0008245004522460294,-0.0041289646936601,-0.016981838251968032,0.0328571623665348,-0.04553616280261518,-0.012571956554239018,0.005956651892754321,0.015406386828849672,0.013126129733782238,-0.015814708919168467,0.0031093791605283443,0.03163202038483794,-0.02786959911568777,-0.001253210410239541,-0.016196251348091086,0.008773850040595943,0.07162163155849262,-0.023612962923213146,-0.010622935356897373,-0.012771330652307277,0.02388500300547228,-0.028732866899754475,-0.00017429770054198522,-0.006662540031723338,0.020885745207819065,-0.044461620612981284,0.020644025678186614,0.021026295146246033,-0.014813466121503515,-0.02731678095058208,-0.04914515591434845,-0.009082451755101294,-0.058883284527843645,-0.00010619137979428195,-0.0074602903711266525,0.02198235592420901,-0.026734520826861754,0.017147629975492254
0.0040160655000649375,-0.02652914189447549,0.02277937398258592,-0.016325416222613867,0.02000881221268378,0.08798149231151738,0.02088871202058414,0.01458128116812335,0.033124162576668816,-0.050956398192778,0.032113634548304404,0.0037515043466037333,-0.01043274919741622,-0.007033387236242176,1.0,0.013993859360010465,-0.022201291808612734,-0.008406033347620549,-0.022433703985920924,0.01927809912897618,-0.03261611119752584,0.019542126018156972,-0.010504358400739447,0.020856650922076118,0.016301906455997654,-0.008773934554683173,-0.007970634997739411,-0.005717943176055436,-0.02131362911010876,-0.012905129786521976,-0.010934066890057109,-0.010440278657172604,0.01980324972888142,0.026363182266456373,0.03180221846635937,0.008044265337902923,-0.033923292849459705,-0.02071072606818465,0.010227842266907795,0.16288871074401487,-0.008159621059407653,-0.01981394898450438,0.007402861867075318,0.009993314329113894,-0.005479211236515663,-0.006228353277861087,0.039782249251689474,-0.005147176968839357,0.005854782899631865,-0.033089970042611605,0.017275591174931416,0.005495732232161754,0.02315945109137352,-0.0034491927420920413,0.014342048644094309,0.012937842025676787,0.02085556545889194,-0.005390064817007586,-0.058865453805934824,-0.03025769943596465,0.034583149012922955,0.015045694188751069,0.015654631498932887,0.1618779432085593,-0.01765919973484949,-0.01661979794859847,-0.03644680044136292,-0.030146285589049294,-0.0013383506628074071,0.01458531155244668,-0.022046207973646537,0.001066684384842207,0.018714232956408023,0.004107431551632759,-0.0004297040665273682,-0.005656732175287422,0.0076408097437781755,0.015542949867821535,-0.027803601226785313,0.012765102357533309,0.005248807777246932,-0.003826994699709827,0.025493964646078778,0.0008177768337485134
-0.013737573055263656,-0.002324635421633423,-0.037977173763004,0.02119943426964616,0.005710801064145282,-0.036677989428585266,-0.03982369813049339,0.003194352889944412,-0.022405339455548356,0.03054760527046024,0.02708759644352827,-0.007826576393311259,0.010554192179401213,0.014053474853630612,0.013993859360010465,1.0,0.006491007325554484,-0.029281300638473524,-0.0034570067613351936,-0.021227524863509054,0.08712831960625167,0.11142165283630877,0.042657616215755624,0.01542319669406045,0.019971341864461124,-0.008697376004158899,0.013259626772906236,-0.010080071076118939,-0.001642282417876952,0.0012639088326193348,-0.013789163101233681,-0.014105547425369,0.02314066583175348,-0.00019879509110395615,-0.036341191881904225,0.003357911940358997,0.0005519568855781887,-0.004735940512998345,-0.024715137920829744,-0.005445096845758064,-0.007245955664043772,-0.019939115940435976,0.0019196337402569354,-0.00022752070865846423,0.006374498500781124,-0.03255810795104878,0.001204173720061186,0.01628300549200212,-0.010292625956379054,0.011048450122790314,-0.001946045514110823,0.003410400812028373,-0.009568884578597172,-0.019992227507853084,0.014941511429982448,0.012988955975339535,0.01831067459284443,-0.009371695050050135,-0.0030303941861942285,-0.013191191291388701,0.021016621368107908,-0.03618339141140591,-0.017130656028109214,-0.011487772020408502,0.352037683302953,0.0050930260914713345,0.011064953751425544,-0.02911319037950311,-0.0006954628450830594,0.01942231445303594,-0.014291748053602041,0.0301129055984823,0.011646362895387388,-0.031125829309950965,-0.021483794510883197,-0.006794631599730528,-0.024043690231433167,0.0004576898089543816,0.026837008018203892,-0.021858970239978792,0.001594988297248158,0.021884786164985248,0.018324830713659857,0.00971311101528566
0.09240915475452009,0.03724848508422611,0.10904613629401005,-0.019740995762587015,0.012992401538272242,-0.011391033593949754,0.03650239338704576,0.04920543729921755,-0.010740932721491006,-0.04479811831736994,-0.009419987403797339,0.01360557315246967,-0.015037034531964838,-0.0024532001149728216,-0.022201291808612734,0.006491007325554484,1.0,0.04985840579459763,0.26478232934516827,0.004660365217606282,-0.02381190047391664,-0.005032390505263231,0.09600761124337641,0.005186582990370927,-0.038948343010498286,0.06069661407260321,0.020117030329608366,0.0490865813803087,0.02718614731823796,0.09469802460702614,-0.017099934158655693,-0.007877586327297698,-0.025427831704044848,0.05749689454398693,-0.03286679813397356,0.016246153913568612,-0.04553257373283976,0.00039237775304784187,0.010979616029272948,0.009431831383742728,-0.006073043681495595,-0.01610522198860331,0.0008504838772366302,-0.01720681099435482,-0.009434782760276381,0.02774964142008653,-0.016569106691236467,0.02664977978075921,-0.013143238263831626,0.013473569940727037,0.0049572854499731695,0.03545042741116492,0.022065755853993476,-0.006206728298298728,-0.002216634469885299,-0.0412590343765439,-0.004563246703941599,0.005122316025722367,-0.004059545085528159,-0.014546669694204456,-0.011711637684159297,0.004789849675160523,-0.03400609105414184,-0.04247695652392355,-0.0126799415661391,0.10660638204689167,-0.004906799021403525,0.057106453626280085,-0.004695509197957259,-0.01528066073829417,-0.002325178134942378,-0.013634595724211192,-0.04507043455037696,0.018163834095064457,-0.01764361098476455,-0.0325330386674293,-0.02473532147876745,-0.012972512916225587,-0.0038915233876597125,0.03082449911789741,-0.009252373987082915,0.024402405786545952,0.05547187254440128,0.013000393835526411
-0.003977004147276199,-0.011753012978935847,0.022618089261874152,-0.012208721800572116,0.00082585988332482,0.0130234095475974,0.008390284097996777,0.010048043616208695,-0.039776698338870986,-0.007199518013986851,0.19440481718765948,0.03475196616074309,0.09180792260666175,0.07284372095266185,-0.008406033347620549,-0.029281300638473524,0.04985840579459763,1.0,0.16750134925023977,0.0007999713051607486,0.02576746744764745,0.03073903767222987,0.005752953355709074,-0.02882195104866438,0.002385469579025494,0.06648273657254637,0.0396465365979157,-0.023569895399908693,0.006879486855647919,0.03377962965065195,0.005432368834610284,0.016396798141417385,0.005762095089933639,0.0009007673223706572,-0.001581030704486283,-0.018109572823157893,0.000688852603110746,-0.012856930554549994,-0.024273981803771123,0.02548852310495978,-0.0035630467105083018,0.013532090422314319,-0.010866361092241617,0.01523624466924397,-0.0016231959990745982,-0.008707871360340435,0.012013024333030765,0.024779328376891382,-0.041717562870138,-0.014203664084965213,-0.00950941934458937,-0.038427833513847015,-0.006224482487099694,-0.03144540564816538,-0.01960486688488462,-0.027783092086228298,-0.012099428694126184,-0.03174318818245098,0.006876250092702624,0.05949416688116305,-0.014638399175336604,0.0405471009973097,-0.01808247175586358,-1.0710277213494638e-05,0.006695766247250143,0.006925404648889512,0.13308200735174003,-0.01403568107532914,0.03033395482290495,-0.01445329534289855,-0.02532011841415535,-0.019188867626634454,-0.017898328249613,-0.004577650921831373,-0.00815569688790912,0.00021091527371831583,0.010981043423041778,0.003935010641879591,-0.012368194065695533,0.008187618693799978,0.01173557888131948,0.0020553147065408782,-0.03852561247346398,0.009019419650748097
0.03466512284498971,0.02489730685989716,0.06055627234157007,0.023005397105549597,-0.04074034046084257,0.023657081119765718,0.02431657162044812,0.03082371631022175,-0.009521730826670757,-0.016164900482786407,0.033098095687825596,-0.011902676826459858,-0.0067377587525382894,0.09315351611046546,-0.022433703985920924,-0.0034570067613351936,0.26478232934516827,0.16750134925023977,1.0,0.03332945918399379,-0.012379169612735356,0.001996434557126814,-0.002554406113556345,-0.029571860408875047,0.020869702489151817,0.07774416912872753,0.040531969842632666,0.004594816623626222,0.012178388467477923,0.005944783212808177,-0.04005838466449326,-0.042285783941732706,-0.011181353464590147,0.046104133771143065,-0.023644412571897436,0.017085951446657876,0.015017996602278117,-0.005739684103820512,0.026368032210160545,-0.04514128626601069,-0.00242518842416092,0.006774860072143796,-0.029217255654190578,-0.02017188378046866,0.010264664458975385,0.0046629826473016485,-0.027223835773991525,-0.0064569140020210025,0.022173587217075585,-0.0225708990466008,-0.006246699954353246,-0.0036781142280000374,-0.004002639887793038,0.006189247037778412,-0.02423682012833506,-0.01668528791421984,-0.02254357115082901,-0.016893574839172212,-0.01593541432146456,-0.005441447378747665,0.02559962900055782,0.008306442246318931,-0.0038687550219540933,0.0062705979233107076,-0.03243396473070483,-0.02196882750010769,0.019472270346986804,0.10236641822241997,-0.016730938823381544,0.012855636352636752,0.005047247130445721,-0.01789118474727223,-0.05801946269453929,0.0036650603535658536,-0.020695775222255658,-0.009366385896011884,-0.013835740059876223,0.004849865039040224,-0.030165342529517244,0.011992309921132626,0.003603751354773824,-0.005853172617087757,0.023833267753673542,-0.005180054241506318
0.011983721633158225,0.011510672199405587,-0.011633615336094564,0.1935779897439269,0.004601940801645328,-0.0063715441355853926,-0.02253758560290028,-0.00505189707363459,0.01288755332098631,0.0660783529405228,-0.023914067635471044,0.11417272039167055,0.008733111593290755,-0.00829939382092572,0.01927809912897618,-0.021227524863509054,0.004660365217606282,0.0007999713051607486,0.03332945918399379,1.0,0.0007003180672500541,-0.019370091539958736,0.010054427368390214,-0.010877993435009198,-0.004188040750821309,0.009963794796924297,0.0012523475270005094,-0.015199011837518891,0.006525462138762057,-0.01158873019490257,0.002063946181340987,0.00030347428181186207,0.007529986489843728,0.00788072713848436,0.009325676478972261,-0.01595225169457672,-0.021510962108064927,0.00615108607753666,0.010671783821331124,0.026032047831912597,0.0002843839851567609,-0.02712282253447086,-0.0028629169434509186,0.010300701304596403,-0.0005428949579240902,-0.002841709314152143,-0.01950644655027937,0.024062350811810185,0.00437462953969235,-0.010879440393964872,-0.0007108694319758604,-0.03439689555900576,0.06560925732026186,-0.01552547108805616,-0.03431957529815557,0.005178753014562206,-0.010875724345076845,-0.018128147131642017,-0.002058380272069982,0.016965330277679002,0.018238217549511854,0.02207002211860795,0.003357835658854379,0.003807511941640427,0.014451061916660271,0.011876942257406944,-0.02699754770677742,-0.006048779260540854,0.2635934074032246,-0.009548462391249533,-0.0006176874447872219,0.03816972922472891,-0.00541276646510228,-0.03343528284508256,-0.01721288129601797,-0.011030854607715647,-0.04954796926470456,0.0038423220273916293,-0.030206933800559218,-0.00838139021758435,-0.0023942948292302257,0.021293080538999528,-0.009667565149887598,0.011315475643760843
0.006256448513327691,-0.014550825118075828,0.011686587690319843,0.029785763183605457,-0.0062855709302064135,0.011891075047559811,-0.021006807263917862,0.03603801802411528,0.01228691876142722,0.018928074898193776,-0.01091958829659149,-0.0210333327498979,0.022546483267334144,0.005364243638588065,-0.03261611119752584,0.08712831960625167,-0.02381190047391664,0.02576746744764745,-0.012379169612735356,0.0007003180672500541,1.0,0.014041336589733083,0.27767604509618987,-0.008582874187699804,-0.015947830585609283,-0.01848458858312773,-0.01745998568730113,0.04914565746686348,0.018856060004449716,0.1372267383151831,0.02417382461929179,0.0022082931959393442,0.043798898495507776,0.03347083051851432,-0.010805330468390014,0.003123237488503478,-0.0287210585313564,0.005742572378216304,0.00024348863034045812,-0.003453316302244909,0.008065220068432705,0.017671058443713153,-0.014518741783896784,-0.008118084238714051,-0.02209859872139086,-0.02669165567002176,0.049556121750282484,0.02515678426862825,0.03713733462851427,-0.03419036180587052,-0.007616162555791623,-0.002376790384675065,0.022127132877246866,0.03068378901328789,-0.01730815952743559,-0.043388744784482465,0.015117262640107624,-0.01185820362807064,-0.01268053954055693,0.007618332385954114,-0.016374319860895527,0.0031044115241773457,-0.0025508316889434504,-0.010216124231370739,-0.005078087958294202,-0.014680366630614871,-0.026421546582906828,0.0036722771188808846,0.0001599608214905747,0.2613516598225281,-0.01542490575699807,0.06802755415321396,-0.02830249484535313,0.012083160043869034,0.005430686127654863,-0.026554382837467,0.00841863129008563,0.007635856107101313,-0.00632311323891598,0.004447039037116844,-0.015247243272114365,0.03287528084364249,-0.0008581769668234157,-0.0007884533591317548
-0.008248096508793438,0.04365407022710602,-0.004135534393292458,-0.014226709909607395,-0.0038809498022217164,0.007763192605707136,0.010542407142867716,0.01568042040903995,0.046273016730729984,0.0011816234323088679,0.004500628069048109,-0.023447083343489303,0.006765363059024299,-0.0008316648972024228,0.019542126018156972,0.11142165283630877,-0.005032390505263231,0.03073903767222987,0.001996434557126814,-0.019370091539958736,0.014041336589733083,1.0,0.006297604613581066,0.05185929471863254,-0.00794437998816906,0.05508525231985619,0.0027404888717513973,0.004368600243463927,-0.009170173822458957,0.05868097899868908,-0.0009502390123640141,-0.0071759930424417405,0.0174349783310157,0.008843544406744492,-0.006694085754958798,-0.004945380102194973,-0.012019282717159454,0.03611423547116465,0.013224712038790554,-0.0038893991855353054,-0.01496634579834743,0.002411411263320755,0.015877376813413998,-0.02493622836046688,-0.032004160979768305,0.02143876397315964,-0.0031540704802248444,-0.018585023078983527,-0.009864365992493344,0.0005263402107953818,0.055628791444849314,0.0008230245563355896,-0.024202204554463192,0.002698886421528504,0.0009147723189012859,0.0008010851587568615,-0.008943825860951198,0.015357780566617291,-0.007913959219818948,-0.009173741080402122,0.005835908031740888,0.008309348304449337,0.0020806346835604544,0.013098746284881472,0.012350703344164174,-0.014249431874771326,-0.03497575281084336,0.005883951632861793,0.001232643460614029,-0.006722748700297511,0.3228979438348299,-0.004399825481083937,0.009821331735775983,0.014189196019332101,-0.014952143916934621,0.004826059322887172,0.005219032764886857,0.011246667550529615,0.020117976688259095,0.0030466414576867423,0.04237977131077319,0.007279324511287551,0.0173274353371266,-0.013155754550995881
