0.0,0.0,0.0,0.0,0.0,0.0004210526315789474,0.021894736842105262,0.026526315789473683,0.0,0.01136842105263158,0.0008421052631578948,0.0,0.0,0.08968421052631578,0.0,0.0,0.0016842105263157896,0.0025263157894736842,0.0016842105263157896,0.0,0.004210526315789474,0.0,0.0016842105263157896,0.0,0.0,0.0029473684210526317,0.0008421052631578948,0.0012631578947368421,0.04547368421052632,0.03031578947368421,0.0,0.0012631578947368421,0.0025263157894736842,0.008421052631578947,0.0008421052631578948,0.0004210526315789474,0.0,0.0029473684210526317,0.0,0.0,0.0,0.0,0.0,0.0,0.0,0.0,0.0,0.0,0.0,0.0,0.0,0.0,0.0,0.0,0.0,0.0,0.0,0.0,0.0,0.0,0.0,0.0,0.0,0.0,0.0,0.0,0.0,0.0,0.0,0.0,0.0,0.0,0.0,0.0,0.0,0.0,0.0,0.0,0.0,0.0,0.0,0.0,0.0,0.0004210526315789474
0.0,0.0,0.0004210526315789474,0.0,0.0,0.0004210526315789474,0.0,0.0,0.0,0.0,0.0008421052631578948,0.0004210526315789474,0.0050526315789473685,0.0,0.0,0.0,0.0012631578947368421,0.0,0.0004210526315789474,0.0,0.0,0.0008421052631578948,0.0,0.002105263157894737,0.0016842105263157896,0.005894736842105263,0.034105263157894736,0.0016842105263157896,0.0,0.0,0.002105263157894737,0.0004210526315789474,0.0,0.0,0.0012631578947368421,0.0008421052631578948,0.0004210526315789474,0.0004210526315789474,0.0,0.0004210526315789474,0.0,0.0,0.0004210526315789474,0.0004210526315789474,0.0,0.0,0.0,0.0,0.0,0.0,0.0054736842105263155,0.0004210526315789474,0.0,0.0,0.0,0.0,0.0012631578947368421,0.0,0.0004210526315789474,0.0008421052631578948,0.0,0.0050526315789473685,0.0004210526315789474,0.0,0.0008421052631578948,0.0,0.0,0.0,0.0,0.0,0.0,0.0,0.0016842105263157896,0.0016842105263157896,0.0046315789473684215,0.048,0.002105263157894737,0.0,0.0,0.0025263157894736842,0.0,0.0,0.0,0.0012631578947368421
0.0,0.0004210526315789474,0.0,0.0,0.0004210526315789474,0.0025263157894736842,0.027789473684210527,0.010526315789473684,0.0,0.005894736842105263,0.0025263157894736842,0.0012631578947368421,0.004210526315789474,0.008,0.0008421052631578948,0.0004210526315789474,0.06863157894736842,0.003789473684210526,0.007578947368421052,0.0004210526315789474,0.039578947368421054,0.0004210526315789474,0.17894736842105263,0.0016842105263157896,0.0004210526315789474,0.16589473684210526,0.1296842105263158,0.013894736842105264,0.014736842105263158,0.016,0.0016842105263157896,0.0029473684210526317,0.0,0.008,0.005894736842105263,0.01768421052631579,0.00631578947368421,0.009263157894736843,0.003789473684210526,0.0029473684210526317,0.0004210526315789474,0.002105263157894737,0.009263157894736843,0.002105263157894737,0.0012631578947368421,0.0004210526315789474,0.0016842105263157896,0.0,0.0,0.0,0.0,0.014736842105263158,0.0,0.0,0.0004210526315789474,0.0008421052631578948,0.004210526315789474,0.0,0.0016842105263157896,0.0012631578947368421,0.0,0.0016842105263157896,0.0012631578947368421,0.0,0.0004210526315789474,0.0008421052631578948,0.0004210526315789474,0.002105263157894737,0.0004210526315789474,0.0008421052631578948,0.0004210526315789474,0.01136842105263158,0.0008421052631578948,0.0,0.015157894736842105,0.018105263157894735,0.0016842105263157896,0.0012631578947368421,0.0,0.0025263157894736842,0.0004210526315789474,0.0,0.0008421052631578948,0.003789473684210526
0.0,0.0,0.0,0.0,0.0016842105263157896,0.010947368421052631,0.0046315789473684215,0.010526315789473684,0.003789473684210526,0.02568421052631579,0.0029473684210526317,0.015578947368421053,0.0029473684210526317,0.0029473684210526317,0.0046315789473684215,0.0,0.0,0.0012631578947368421,0.0004210526315789474,0.013473684210526317,0.0008421052631578948,0.0004210526315789474,0.0008421052631578948,0.018105263157894735,0.0004210526315789474,0.004210526315789474,0.003789473684210526,0.02736842105263158,0.0012631578947368421,0.0,0.0008421052631578948,0.003789473684210526,0.0,0.0004210526315789474,0.028210526315789474,0.0025263157894736842,0.0004210526315789474,0.0008421052631578948,0.0004210526315789474,0.006736842105263158,0.0004210526315789474,0.0008421052631578948,0.002105263157894737,0.0008421052631578948,0.0,0.0,0.0025263157894736842,0.0,0.0,0.0,0.0,0.0004210526315789474,0.004210526315789474,0.0004210526315789474,0.0029473684210526317,0.003789473684210526,0.02063157894736842,0.0008421052631578948,0.02736842105263158,0.0012631578947368421,0.0050526315789473685,0.002105263157894737,0.003789473684210526,0.0016842105263157896,0.0,0.0,0.0008421052631578948,0.0004210526315789474,0.0050526315789473685,0.0004210526315789474,0.0,0.0004210526315789474,0.010105263157894737,0.0,0.0029473684210526317,0.003789473684210526,0.018105263157894735,0.0008421052631578948,0.0,0.0012631578947368421,0.0008421052631578948,0.0,0.0004210526315789474,0.020210526315789474
0.0,0.0,0.0004210526315789474,0.0016842105263157896,0.0,0.016421052631578947,0.0016842105263157896,0.02231578947368421,0.0016842105263157896,0.00968421052631579,0.009263157894736843,0.010526315789473684,0.009263157894736843,0.00631578947368421,0.009263157894736843,0.0,0.0008421052631578948,0.003368421052631579,0.0008421052631578948,0.003368421052631579,0.0012631578947368421,0.0,0.0012631578947368421,0.003368421052631579,0.0004210526315789474,0.006736842105263158,0.003368421052631579,0.007578947368421052,0.003368421052631579,0.0004210526315789474,0.0008421052631578948,0.013473684210526317,0.0,0.0025263157894736842,0.04168421052631579,0.006736842105263158,0.0012631578947368421,0.004210526315789474,0.002105263157894737,0.02273684210526316,0.003368421052631579,0.0016842105263157896,0.003368421052631579,0.0008421052631578948,0.0008421052631578948,0.0,0.0029473684210526317,0.0004210526315789474,0.0004210526315789474,0.0,0.0,0.0004210526315789474,0.0008421052631578948,0.0004210526315789474,0.0029473684210526317,0.002105263157894737,0.014736842105263158,0.0004210526315789474,0.008842105263157894,0.002105263157894737,0.003368421052631579,0.003368421052631579,0.0029473684210526317,0.0016842105263157896,0.0,0.0,0.0008421052631578948,0.0004210526315789474,0.002105263157894737,0.0,0.0,0.0004210526315789474,0.0029473684210526317,0.0004210526315789474,0.0029473684210526317,0.0029473684210526317,0.00631578947368421,0.0004210526315789474,0.0,0.002105263157894737,0.0012631578947368421,0.0,0.0012631578947368421,0.024
0.0004210526315789474,0.0004210526315789474,0.0025263157894736842,0.010947368421052631,0.016421052631578947,0.0,0.019789473684210527,0.18905263157894736,0.008,0.1591578947368421,0.024421052631578948,0.07747368421052632,0.024,0.040842105263157895,0.03915789473684211,0.0004210526315789474,0.0046315789473684215,0.011789473684210527,0.0050526315789473685,0.02063157894736842,0.0046315789473684215,0.0012631578947368421,0.00631578947368421,0.024421052631578948,0.0016842105263157896,0.027789473684210527,0.01768421052631579,0.045052631578947365,0.010105263157894737,0.0016842105263157896,0.004210526315789474,0.04631578947368421,0.0,0.008,0.2905263157894737,0.02526315789473684,0.008842105263157894,0.012210526315789474,0.0029473684210526317,0.08210526315789474,0.00631578947368421,0.0054736842105263155,0.01136842105263158,0.0025263157894736842,0.002105263157894737,0.0004210526315789474,0.00968421052631579,0.0008421052631578948,0.0008421052631578948,0.0,0.0,0.0012631578947368421,0.005894736842105263,0.0016842105263157896,0.013473684210526317,0.007578947368421052,0.06652631578947368,0.003368421052631579,0.04421052631578947,0.005894736842105263,0.016842105263157894,0.010526315789473684,0.010105263157894737,0.00631578947368421,0.0004210526315789474,0.0,0.003789473684210526,0.0029473684210526317,0.013473684210526317,0.0016842105263157896,0.0,0.0029473684210526317,0.016,0.0012631578947368421,0.015157894736842105,0.015578947368421053,0.032842105263157895,0.0025263157894736842,0.0004210526315789474,0.0054736842105263155,0.0029473684210526317,0.0,0.0025263157894736842,0.11452631578947368
0.021894736842105262,0.0,0.027789473684210527,0.0046315789473684215,0.0016842105263157896,0.019789473684210527,0.0,0.19073684210526315,0.0008421052631578948,0.3877894736842105,0.009263157894736843,0.006736842105263158,0.006736842105263158,0.21642105263157896,0.003789473684210526,0.0004210526315789474,0.014736842105263158,0.013052631578947368,0.008842105263157894,0.0046315789473684215,0.09768421052631579,0.0008421052631578948,0.06273684210526316,0.026526315789473683,0.0004210526315789474,0.08294736842105263,0.01936842105263158,0.5402105263157895,0.09263157894736843,0.38989473684210524,0.0016842105263157896,0.01431578947368421,0.0012631578947368421,0.01768421052631579,0.04252631578947368,0.013052631578947368,0.0046315789473684215,0.01136842105263158,0.0016842105263157896,0.00968421052631579,0.0012631578947368421,0.002105263157894737,0.0046315789473684215,0.0008421052631578948,0.0008421052631578948,0.0004210526315789474,0.0016842105263157896,0.0,0.0,0.0,0.0,0.0004210526315789474,0.0008421052631578948,0.0,0.0012631578947368421,0.006736842105263158,0.008421052631578947,0.0004210526315789474,0.008421052631578947,0.0008421052631578948,0.0012631578947368421,0.0029473684210526317,0.002105263157894737,0.0008421052631578948,0.0004210526315789474,0.0,0.0008421052631578948,0.0004210526315789474,0.0012631578947368421,0.0004210526315789474,0.0,0.0012631578947368421,0.004210526315789474,0.0,0.003789473684210526,0.0046315789473684215,0.018526315789473686,0.0004210526315789474,0.0,0.0012631578947368421,0.0004210526315789474,0.0,0.0012631578947368421,0.012210526315789474
0.026526315789473683,0.0,0.010526315789473684,0.010526315789473684,0.02231578947368421,0.18905263157894736,0.19073684210526315,0.0,0.007157894736842105,0.42736842105263156,0.03915789473684211,0.09810526315789474,0.02863157894736842,0.5456842105263158,0.05221052631578947,0.0004210526315789474,0.05642105263157895,0.03031578947368421,0.029052631578947368,0.026105263157894736,0.016842105263157894,0.0008421052631578948,0.035789473684210524,0.02526315789473684,0.0012631578947368421,0.10905263157894737,0.03242105263157895,0.056842105263157895,0.09768421052631579,0.039578947368421054,0.0050526315789473685,0.09431578947368421,0.0012631578947368421,0.03663157894736842,0.4728421052631579,0.032842105263157895,0.010947368421052631,0.02736842105263158,0.0054736842105263155,0.07789473684210527,0.005894736842105263,0.007157894736842105,0.013473684210526317,0.0025263157894736842,0.0016842105263157896,0.0008421052631578948,0.010947368421052631,0.0012631578947368421,0.0004210526315789474,0.0,0.0,0.0012631578947368421,0.0050526315789473685,0.0016842105263157896,0.015157894736842105,0.009263157894736843,0.07368421052631578,0.003368421052631579,0.06905263157894737,0.007157894736842105,0.021894736842105262,0.01136842105263158,0.009263157894736843,0.007578947368421052,0.0008421052631578948,0.0,0.0029473684210526317,0.0029473684210526317,0.01936842105263158,0.002105263157894737,0.0004210526315789474,0.004210526315789474,0.014736842105263158,0.0016842105263157896,0.013894736842105264,0.014736842105263158,0.032,0.002105263157894737,0.0004210526315789474,0.0050526315789473685,0.0025263157894736842,0.0,0.0025263157894736842,0.1503157894736842
0.0,0.0,0.0,0.003789473684210526,0.0016842105263157896,0.008,0.0008421052631578948,0.007157894736842105,0.0,0.005894736842105263,0.0012631578947368421,0.01768421052631579,0.004210526315789474,0.002105263157894737,0.003368421052631579,0.0012631578947368421,0.0004210526315789474,0.0004210526315789474,0.0004210526315789474,0.009263157894736843,0.0012631578947368421,0.003368421052631579,0.0004210526315789474,0.02736842105263158,0.0008421052631578948,0.003368421052631579,0.009263157894736843,0.024,0.0004210526315789474,0.0,0.0008421052631578948,0.0025263157894736842,0.0,0.0,0.02526315789473684,0.002105263157894737,0.0004210526315789474,0.0012631578947368421,0.0,0.004210526315789474,0.0004210526315789474,0.0004210526315789474,0.002105263157894737,0.0004210526315789474,0.0,0.0,0.0029473684210526317,0.0,0.0,0.0,0.0004210526315789474,0.0,0.0025263157894736842,0.0008421052631578948,0.003789473684210526,0.004210526315789474,0.019789473684210527,0.003789473684210526,0.016421052631578947,0.0012631578947368421,0.007157894736842105,0.003368421052631579,0.002105263157894737,0.0016842105263157896,0.0016842105263157896,0.0,0.0008421052631578948,0.0004210526315789474,0.004210526315789474,0.0008421052631578948,0.0012631578947368421,0.0016842105263157896,0.021052631578947368,0.0004210526315789474,0.0029473684210526317,0.010105263157894737,0.023578947368421053,0.0008421052631578948,0.0,0.0012631578947368421,0.0004210526315789474,0.0,0.0004210526315789474,0.029473684210526315
0.01136842105263158,0.0,0.005894736842105263,0.02568421052631579,0.00968421052631579,0.1591578947368421,0.3877894736842105,0.42736842105263156,0.005894736842105263,0.0,0.03242105263157895,0.16252631578947369,0.021473684210526315,0.22778947368421051,0.02231578947368421,0.0004210526315789474,0.010526315789473684,0.021473684210526315,0.00968421052631579,0.096,0.005894736842105263,0.0008421052631578948,0.00968421052631579,0.021894736842105262,0.0012631578947368421,0.08126315789473684,0.02526315789473684,0.20294736842105263,0.03831578947368421,0.023157894736842106,0.0050526315789473685,0.043789473684210524,0.0004210526315789474,0.013473684210526317,0.4572631578947368,0.01431578947368421,0.0054736842105263155,0.013052631578947368,0.0029473684210526317,0.03031578947368421,0.002105263157894737,0.0050526315789473685,0.006736842105263158,0.002105263157894737,0.0025263157894736842,0.0012631578947368421,0.007578947368421052,0.0008421052631578948,0.0008421052631578948,0.0,0.0,0.0008421052631578948,0.009263157894736843,0.0012631578947368421,0.010947368421052631,0.015578947368421053,0.061052631578947365,0.0029473684210526317,0.12757894736842104,0.005894736842105263,0.016421052631578947,0.008421052631578947,0.013473684210526317,0.0046315789473684215,0.0004210526315789474,0.0,0.0029473684210526317,0.0016842105263157896,0.019789473684210527,0.0012631578947368421,0.0004210526315789474,0.0012631578947368421,0.015157894736842105,0.0008421052631578948,0.011789473684210527,0.012210526315789474,0.058105263157894736,0.0025263157894736842,0.0004210526315789474,0.0050526315789473685,0.0016842105263157896,0.0,0.0025263157894736842,0.13305263157894737
0.0008421052631578948,0.0008421052631578948,0.0025263157894736842,0.0029473684210526317,0.009263157894736843,0.024421052631578948,0.009263157894736843,0.03915789473684211,0.0012631578947368421,0.03242105263157895,0.0,0.02063157894736842,0.09010526315789473,0.03326315789473684,0.007157894736842105,0.0004210526315789474,0.014736842105263158,0.09136842105263158,0.023157894736842106,0.009263157894736843,0.006736842105263158,0.0008421052631578948,0.006736842105263158,0.005894736842105263,0.006736842105263158,0.13557894736842105,0.03873684210526316,0.02736842105263158,0.058105263157894736,0.0054736842105263155,0.018947368421052633,0.07621052631578948,0.0008421052631578948,0.06357894736842105,0.04968421052631579,0.019789473684210527,0.01136842105263158,0.05094736842105263,0.010105263157894737,0.023157894736842106,0.008842105263157894,0.0054736842105263155,0.011789473684210527,0.0025263157894736842,0.003368421052631579,0.0016842105263157896,0.007578947368421052,0.0016842105263157896,0.0012631578947368421,0.0,0.0004210526315789474,0.0016842105263157896,0.0012631578947368421,0.0008421052631578948,0.0050526315789473685,0.003789473684210526,0.030736842105263156,0.0008421052631578948,0.016,0.012210526315789474,0.003789473684210526,0.035789473684210524,0.0054736842105263155,0.003789473684210526,0.0004210526315789474,0.0,0.0029473684210526317,0.0025263157894736842,0.003789473684210526,0.0012631578947368421,0.0,0.0029473684210526317,0.005894736842105263,0.004210526315789474,0.016,0.026105263157894736,0.013052631578947368,0.002105263157894737,0.0004210526315789474,0.01726315789473684,0.0029473684210526317,0.0,0.003368421052631579,0.029473684210526315
0.0,0.0004210526315789474,0.0012631578947368421,0.015578947368421053,0.010526315789473684,0.07747368421052632,0.006736842105263158,0.09810526315789474,0.01768421052631579,0.16252631578947369,0.02063157894736842,0.0,0.015578947368421053,0.018526315789473686,0.023578947368421053,0.0004210526315789474,0.002105263157894737,0.007157894736842105,0.0029473684210526317,0.04842105263157895,0.003368421052631579,0.0016842105263157896,0.004210526315789474,0.03621052631578947,0.0012631578947368421,0.03536842105263158,0.014736842105263158,0.05936842105263158,0.007578947368421052,0.0008421052631578948,0.0046315789473684215,0.026526315789473683,0.0,0.0046315789473684215,0.3486315789473684,0.014736842105263158,0.0029473684210526317,0.007578947368421052,0.0012631578947368421,0.030736842105263156,0.0016842105263157896,0.003789473684210526,0.00968421052631579,0.0029473684210526317,0.002105263157894737,0.0008421052631578948,0.012210526315789474,0.0012631578947368421,0.0008421052631578948,0.0,0.0004210526315789474,0.0008421052631578948,0.008421052631578947,0.0012631578947368421,0.02273684210526316,0.010526315789473684,0.09768421052631579,0.005894736842105263,0.10694736842105264,0.005894736842105263,0.028210526315789474,0.009263157894736843,0.012210526315789474,0.00631578947368421,0.0004210526315789474,0.0,0.003368421052631579,0.0029473684210526317,0.024842105263157895,0.0012631578947368421,0.0008421052631578948,0.002105263157894737,0.023578947368421053,0.0012631578947368421,0.015157894736842105,0.015157894736842105,0.04926315789473684,0.0025263157894736842,0.0004210526315789474,0.0050526315789473685,0.003368421052631579,0.0,0.0029473684210526317,0.18694736842105264
0.0,0.0050526315789473685,0.004210526315789474,0.0029473684210526317,0.009263157894736843,0.024,0.006736842105263158,0.02863157894736842,0.004210526315789474,0.021473684210526315,0.09010526315789473,0.015578947368421053,0.0,0.01136842105263158,0.008,0.0012631578947368421,0.0046315789473684215,0.02863157894736842,0.0050526315789473685,0.008842105263157894,0.007578947368421052,0.003368421052631579,0.009263157894736843,0.01136842105263158,0.029894736842105262,0.06315789473684211,0.10357894736842105,0.029473684210526315,0.013473684210526317,0.0016842105263157896,0.045052631578947365,0.03621052631578947,0.0,0.01136842105263158,0.040842105263157895,0.034105263157894736,0.01431578947368421,0.021052631578947368,0.010526315789473684,0.026526315789473683,0.007578947368421052,0.008842105263157894,0.020210526315789474,0.006736842105263158,0.006736842105263158,0.0029473684210526317,0.011789473684210527,0.0025263157894736842,0.0025263157894736842,0.0,0.0029473684210526317,0.003789473684210526,0.0016842105263157896,0.0012631578947368421,0.008421052631578947,0.008,0.05431578947368421,0.0012631578947368421,0.016,0.024,0.004210526315789474,0.10863157894736843,0.011789473684210527,0.007157894736842105,0.0016842105263157896,0.0004210526315789474,0.004210526315789474,0.0050526315789473685,0.003789473684210526,0.003368421052631579,0.0008421052631578948,0.008,0.013052631578947368,0.023578947368421053,0.03663157894736842,0.088,0.020210526315789474,0.0050526315789473685,0.0012631578947368421,0.05221052631578947,0.0046315789473684215,0.0,0.006736842105263158,0.032842105263157895
0.08968421052631578,0.0,0.008,0.0029473684210526317,0.00631578947368421,0.040842105263157895,0.21642105263157896,0.5456842105263158,0.002105263157894737,0.22778947368421051,0.03326315789473684,0.018526315789473686,0.01136842105263158,0.0,0.00968421052631579,0.0004210526315789474,0.056842105263157895,0.05936842105263158,0.06273684210526316,0.00631578947368421,0.05221052631578947,0.0004210526315789474,0.04294736842105263,0.0054736842105263155,0.0008421052631578948,0.09178947368421053,0.021894736842105262,0.05473684210526316,0.4458947368421053,0.17936842105263157,0.0025263157894736842,0.07621052631578948,0.010105263157894737,0.1503157894736842,0.061052631578947365,0.016842105263157894,0.010526315789473684,0.07747368421052632,0.003368421052631579,0.02568421052631579,0.0025263157894736842,0.0025263157894736842,0.0050526315789473685,0.0012631578947368421,0.0008421052631578948,0.0004210526315789474,0.003368421052631579,0.0004210526315789474,0.0,0.0,0.0,0.0016842105263157896,0.0012631578947368421,0.0008421052631578948,0.0029473684210526317,0.0025263157894736842,0.01768421052631579,0.0004210526315789474,0.012210526315789474,0.0016842105263157896,0.003789473684210526,0.004210526315789474,0.0025263157894736842,0.002105263157894737,0.0,0.0,0.0016842105263157896,0.002105263157894737,0.003368421052631579,0.0008421052631578948,0.0,0.002105263157894737,0.003789473684210526,0.0004210526315789474,0.008,0.01136842105263158,0.011789473684210527,0.0008421052631578948,0.0004210526315789474,0.0025263157894736842,0.0008421052631578948,0.0,0.0012631578947368421,0.024
0.0,0.0,0.0008421052631578948,0.0046315789473684215,0.009263157894736843,0.03915789473684211,0.003789473684210526,0.05221052631578947,0.003368421052631579,0.02231578947368421,0.007157894736842105,0.023578947368421053,0.008,0.00968421052631579,0.0,0.0,0.0004210526315789474,0.003368421052631579,0.0008421052631578948,0.009263157894736843,0.0016842105263157896,0.0,0.0016842105263157896,0.01136842105263158,0.0008421052631578948,0.008421052631578947,0.006736842105263158,0.018105263157894735,0.002105263157894737,0.0004210526315789474,0.0016842105263157896,0.01726315789473684,0.0,0.0016842105263157896,0.10610526315789473,0.00968421052631579,0.0025263157894736842,0.004210526315789474,0.0008421052631578948,0.03705263157894737,0.0016842105263157896,0.002105263157894737,0.004210526315789474,0.0012631578947368421,0.0008421052631578948,0.0004210526315789474,0.003789473684210526,0.0004210526315789474,0.0004210526315789474,0.0,0.0,0.0004210526315789474,0.0029473684210526317,0.0012631578947368421,0.006736842105263158,0.003789473684210526,0.029894736842105262,0.0016842105263157896,0.01936842105263158,0.002105263157894737,0.008842105263157894,0.003789473684210526,0.003368421052631579,0.003368421052631579,0.0,0.0,0.0016842105263157896,0.0012631578947368421,0.005894736842105263,0.0004210526315789474,0.0,0.0008421052631578948,0.007157894736842105,0.0004210526315789474,0.0054736842105263155,0.00631578947368421,0.018105263157894735,0.0008421052631578948,0.0004210526315789474,0.0025263157894736842,0.0012631578947368421,0.0,0.0008421052631578948,0.055578947368421054
0.0,0.0,0.0004210526315789474,0.0,0.0,0.0004210526315789474,0.0004210526315789474,0.0004210526315789474,0.0012631578947368421,0.0004210526315789474,0.0004210526315789474,0.0004210526315789474,0.0012631578947368421,0.0004210526315789474,0.0,0.0,0.0004210526315789474,0.0,0.0,0.0004210526315789474,0.010947368421052631,0.008421052631578947,0.009263157894736843,0.018105263157894735,0.0004210526315789474,0.0016842105263157896,0.012210526315789474,0.018105263157894735,0.0004210526315789474,0.0004210526315789474,0.0004210526315789474,0.0,0.0,0.0,0.002105263157894737,0.002105263157894737,0.0004210526315789474,0.0,0.0,0.0004210526315789474,0.0,0.0,0.0016842105263157896,0.0004210526315789474,0.0,0.0,0.0004210526315789474,0.0,0.0,0.0,0.0004210526315789474,0.0008421052631578948,0.0,0.0,0.0,0.0004210526315789474,0.0008421052631578948,0.0,0.0008421052631578948,0.0,0.0004210526315789474,0.0016842105263157896,0.0,0.0,0.0046315789473684215,0.0,0.0,0.0,0.0,0.0025263157894736842,0.0016842105263157896,0.0046315789473684215,0.008421052631578947,0.0,0.002105263157894737,0.010526315789473684,0.010947368421052631,0.0004210526315789474,0.0,0.0004210526315789474,0.0,0.0,0.0,0.0016842105263157896
0.0016842105263157896,0.0012631578947368421,0.06863157894736842,0.0,0.0008421052631578948,0.0046315789473684215,0.014736842105263158,0.05642105263157895,0.0004210526315789474,0.010526315789473684,0.014736842105263158,0.002105263157894737,0.0046315789473684215,0.056842105263157895,0.0004210526315789474,0.0004210526315789474,0.0,0.03831578947368421,0.13431578947368422,0.0004210526315789474,0.03831578947368421,0.0004210526315789474,0.1688421052631579,0.0012631578947368421,0.0008421052631578948,0.39957894736842103,0.10021052631578947,0.00968421052631579,0.07326315789473684,0.02736842105263158,0.0016842105263157896,0.010526315789473684,0.0016842105263157896,0.07326315789473684,0.006736842105263158,0.013473684210526317,0.007578947368421052,0.018105263157894735,0.004210526315789474,0.0029473684210526317,0.0004210526315789474,0.0016842105263157896,0.005894736842105263,0.0008421052631578948,0.002105263157894737,0.0008421052631578948,0.0016842105263157896,0.0,0.0004210526315789474,0.0,0.0,0.009263157894736843,0.0,0.0,0.0008421052631578948,0.0004210526315789474,0.003789473684210526,0.0,0.002105263157894737,0.0025263157894736842,0.0004210526315789474,0.002105263157894737,0.0016842105263157896,0.0004210526315789474,0.0004210526315789474,0.0012631578947368421,0.0008421052631578948,0.010526315789473684,0.0004210526315789474,0.0004210526315789474,0.0004210526315789474,0.003789473684210526,0.0004210526315789474,0.0004210526315789474,0.05768421052631579,0.04126315789473684,0.0025263157894736842,0.0029473684210526317,0.0004210526315789474,0.0025263157894736842,0.0004210526315789474,0.0,0.0012631578947368421,0.0029473684210526317
0.0025263157894736842,0.0,0.003789473684210526,0.0012631578947368421,0.003368421052631579,0.011789473684210527,0.013052631578947368,0.03031578947368421,0.0004210526315789474,0.021473684210526315,0.09136842105263158,0.007157894736842105,0.02863157894736842,0.05936842105263158,0.003368421052631579,0.0,0.03831578947368421,0.0,0.08336842105263158,0.0029473684210526317,0.011789473684210527,0.0,0.01726315789473684,0.0016842105263157896,0.0008421052631578948,0.1414736842105263,0.020210526315789474,0.021052631578947368,0.08210526315789474,0.013894736842105264,0.0050526315789473685,0.03031578947368421,0.0012631578947368421,0.059789473684210524,0.01768421052631579,0.021894736842105262,0.010105263157894737,0.04547368421052632,0.0046315789473684215,0.010947368421052631,0.004210526315789474,0.0029473684210526317,0.0050526315789473685,0.0012631578947368421,0.0016842105263157896,0.0008421052631578948,0.002105263157894737,0.0004210526315789474,0.0004210526315789474,0.0,0.0,0.0012631578947368421,0.0004210526315789474,0.0004210526315789474,0.0012631578947368421,0.0016842105263157896,0.010526315789473684,0.0004210526315789474,0.006736842105263158,0.003789473684210526,0.0016842105263157896,0.0046315789473684215,0.0016842105263157896,0.0012631578947368421,0.0,0.0,0.002105263157894737,0.0046315789473684215,0.0016842105263157896,0.0004210526315789474,0.0,0.0012631578947368421,0.0012631578947368421,0.0004210526315789474,0.020210526315789474,0.012210526315789474,0.0046315789473684215,0.0008421052631578948,0.0,0.006736842105263158,0.0008421052631578948,0.0,0.0012631578947368421,0.010947368421052631
0.0016842105263157896,0.0004210526315789474,0.007578947368421052,0.0004210526315789474,0.0008421052631578948,0.0050526315789473685,0.008842105263157894,0.029052631578947368,0.0004210526315789474,0.00968421052631579,0.023157894736842106,0.0029473684210526317,0.0050526315789473685,0.06273684210526316,0.0008421052631578948,0.0,0.13431578947368422,0.08336842105263158,0.0,0.0008421052631578948,0.01136842105263158,0.0,0.03368421052631579,0.0012631578947368421,0.0004210526315789474,0.22610526315789473,0.05473684210526316,0.010526315789473684,0.07494736842105264,0.015157894736842105,0.0016842105263157896,0.009263157894736843,0.0012631578947368421,0.0703157894736842,0.00631578947368421,0.016421052631578947,0.010105263157894737,0.03368421052631579,0.0029473684210526317,0.0046315789473684215,0.0008421052631578948,0.002105263157894737,0.0046315789473684215,0.0012631578947368421,0.0012631578947368421,0.0008421052631578948,0.0012631578947368421,0.0,0.0004210526315789474,0.0,0.0,0.002105263157894737,0.0,0.0,0.0004210526315789474,0.0008421052631578948,0.0050526315789473685,0.0,0.003368421052631579,0.002105263157894737,0.0004210526315789474,0.0025263157894736842,0.0012631578947368421,0.0004210526315789474,0.0,0.0004210526315789474,0.0025263157894736842,0.008421052631578947,0.0004210526315789474,0.0004210526315789474,0.0,0.0016842105263157896,0.0008421052631578948,0.0004210526315789474,0.050105263157894736,0.029052631578947368,0.0029473684210526317,0.0016842105263157896,0.0004210526315789474,0.003789473684210526,0.0004210526315789474,0.0,0.0008421052631578948,0.0050526315789473685
0.0,0.0,0.0004210526315789474,0.013473684210526317,0.003368421052631579,0.02063157894736842,0.0046315789473684215,0.026105263157894736,0.009263157894736843,0.096,0.009263157894736843,0.04842105263157895,0.008842105263157894,0.00631578947368421,0.009263157894736843,0.0004210526315789474,0.0004210526315789474,0.0029473684210526317,0.0008421052631578948,0.0,0.0012631578947368421,0.0012631578947368421,0.0012631578947368421,0.021894736842105262,0.0004210526315789474,0.010947368421052631,0.007578947368421052,0.030736842105263156,0.0025263157894736842,0.0,0.0012631578947368421,0.009263157894736843,0.0,0.0012631578947368421,0.07915789473684211,0.0054736842105263155,0.0016842105263157896,0.002105263157894737,0.0008421052631578948,0.010526315789473684,0.0004210526315789474,0.0016842105263157896,0.004210526315789474,0.0012631578947368421,0.0008421052631578948,0.0,0.005894736842105263,0.0,0.0004210526315789474,0.0,0.0,0.0004210526315789474,0.00631578947368421,0.0004210526315789474,0.007157894736842105,0.00631578947368421,0.04,0.0008421052631578948,0.05515789473684211,0.003368421052631579,0.01136842105263158,0.004210526315789474,0.006736842105263158,0.0029473684210526317,0.0,0.0,0.0025263157894736842,0.0008421052631578948,0.014736842105263158,0.0008421052631578948,0.0,0.0008421052631578948,0.01431578947368421,0.0004210526315789474,0.0054736842105263155,0.007157894736842105,0.03326315789473684,0.0012631578947368421,0.0,0.0025263157894736842,0.0016842105263157896,0.0,0.0008421052631578948,0.061052631578947365
0.004210526315789474,0.0,0.039578947368421054,0.0008421052631578948,0.0012631578947368421,0.0046315789473684215,0.09768421052631579,0.016842105263157894,0.0012631578947368421,0.005894736842105263,0.006736842105263158,0.003368421052631579,0.007578947368421052,0.05221052631578947,0.0016842105263157896,0.010947368421052631,0.03831578947368421,0.011789473684210527,0.01136842105263158,0.0012631578947368421,0.0,0.003789473684210526,0.3233684210526316,0.016842105263157894,0.0004210526315789474,0.07873684210526316,0.024421052631578948,0.1406315789473684,0.08926315789473684,0.3191578947368421,0.0029473684210526317,0.008,0.0050526315789473685,0.048,0.013894736842105264,0.02526315789473684,0.008842105263157894,0.021894736842105262,0.0029473684210526317,0.0054736842105263155,0.0016842105263157896,0.002105263157894737,0.016,0.0016842105263157896,0.0004210526315789474,0.0004210526315789474,0.0016842105263157896,0.0004210526315789474,0.0,0.0,0.0004210526315789474,0.0029473684210526317,0.0004210526315789474,0.0004210526315789474,0.0012631578947368421,0.0008421052631578948,0.006736842105263158,0.0004210526315789474,0.004210526315789474,0.0016842105263157896,0.0008421052631578948,0.004210526315789474,0.0012631578947368421,0.0012631578947368421,0.002105263157894737,0.0,0.0008421052631578948,0.0008421052631578948,0.0008421052631578948,0.00631578947368421,0.0012631578947368421,0.013473684210526317,0.0050526315789473685,0.0004210526315789474,0.007578947368421052,0.01136842105263158,0.026526315789473683,0.0012631578947368421,0.0004210526315789474,0.002105263157894737,0.0,0.0,0.0008421052631578948,0.00968421052631579
0.0,0.0008421052631578948,0.0004210526315789474,0.0004210526315789474,0.0,0.0012631578947368421,0.0008421052631578948,0.0008421052631578948,0.003368421052631579,0.0008421052631578948,0.0008421052631578948,0.0016842105263157896,0.003368421052631579,0.0004210526315789474,0.0,0.008421052631578947,0.0004210526315789474,0.0,0.0,0.0012631578947368421,0.003789473684210526,0.0,0.0025263157894736842,0.02568421052631579,0.0012631578947368421,0.0025263157894736842,0.03326315789473684,0.019789473684210527,0.0004210526315789474,0.0,0.0008421052631578948,0.0004210526315789474,0.0,0.0,0.0025263157894736842,0.0012631578947368421,0.0004210526315789474,0.0004210526315789474,0.0,0.0004210526315789474,0.0,0.0004210526315789474,0.0016842105263157896,0.0012631578947368421,0.0,0.0,0.0004210526315789474,0.0,0.0,0.0,0.002105263157894737,0.0004210526315789474,0.0004210526315789474,0.0,0.0004210526315789474,0.0008421052631578948,0.002105263157894737,0.0012631578947368421,0.002105263157894737,0.0004210526315789474,0.0008421052631578948,0.004210526315789474,0.0004210526315789474,0.0004210526315789474,0.00631578947368421,0.0,0.0,0.0004210526315789474,0.0008421052631578948,0.0016842105263157896,0.008842105263157894,0.003789473684210526,0.016,0.0008421052631578948,0.0029473684210526317,0.03494736842105263,0.015157894736842105,0.0,0.0,0.0012631578947368421,0.0,0.0,0.0,0.003368421052631579
0.0016842105263157896,0.0,0.17894736842105263,0.0008421052631578948,0.0012631578947368421,0.00631578947368421,0.06273684210526316,0.035789473684210524,0.0004210526315789474,0.00968421052631579,0.006736842105263158,0.004210526315789474,0.009263157894736843,0.04294736842105263,0.0016842105263157896,0.009263157894736843,0.1688421052631579,0.01726315789473684,0.03368421052631579,0.0012631578947368421,0.3233684210526316,0.0025263157894736842,0.0,0.008,0.0008421052631578948,0.25852631578947366,0.09052631578947369,0.07326315789473684,0.06863157894736842,0.1726315789473684,0.0025263157894736842,0.01136842105263158,0.0025263157894736842,0.05473684210526316,0.013894736842105264,0.04168421052631579,0.01431578947368421,0.026947368421052633,0.0046315789473684215,0.008421052631578947,0.002105263157894737,0.004210526315789474,0.026526315789473683,0.002105263157894737,0.0012631578947368421,0.0008421052631578948,0.0016842105263157896,0.0004210526315789474,0.0004210526315789474,0.0,0.0,0.008,0.0,0.0004210526315789474,0.0016842105263157896,0.0016842105263157896,0.00631578947368421,0.0,0.003789473684210526,0.0016842105263157896,0.0008421052631578948,0.004210526315789474,0.0016842105263157896,0.0008421052631578948,0.003368421052631579,0.0008421052631578948,0.0012631578947368421,0.0025263157894736842,0.0004210526315789474,0.004210526315789474,0.0008421052631578948,0.024421052631578948,0.003789473684210526,0.0004210526315789474,0.016421052631578947,0.026526315789473683,0.00631578947368421,0.0012631578947368421,0.0004210526315789474,0.0016842105263157896,0.0008421052631578948,0.0,0.0016842105263157896,0.007578947368421052
0.0,0.002105263157894737,0.0016842105263157896,0.018105263157894735,0.003368421052631579,0.024421052631578948,0.026526315789473683,0.02526315789473684,0.02736842105263158,0.021894736842105262,0.005894736842105263,0.03621052631578947,0.01136842105263158,0.0054736842105263155,0.01136842105263158,0.018105263157894735,0.0012631578947368421,0.0016842105263157896,0.0012631578947368421,0.021894736842105262,0.016842105263157894,0.02568421052631579,0.008,0.0,0.003368421052631579,0.014736842105263158,0.04421052631578947,0.21557894736842106,0.0029473684210526317,0.0025263157894736842,0.0046315789473684215,0.007578947368421052,0.0,0.0012631578947368421,0.05936842105263158,0.010526315789473684,0.0025263157894736842,0.0029473684210526317,0.0004210526315789474,0.011789473684210527,0.0012631578947368421,0.0016842105263157896,0.008421052631578947,0.003789473684210526,0.0008421052631578948,0.0004210526315789474,0.007157894736842105,0.0004210526315789474,0.0,0.0,0.002105263157894737,0.0012631578947368421,0.008421052631578947,0.0004210526315789474,0.006736842105263158,0.015157894736842105,0.03242105263157895,0.008842105263157894,0.03663157894736842,0.0029473684210526317,0.013052631578947368,0.010105263157894737,0.007578947368421052,0.004210526315789474,0.01263157894736842,0.0,0.0016842105263157896,0.0016842105263157896,0.010947368421052631,0.010947368421052631,0.007578947368421052,0.012210526315789474,0.096,0.002105263157894737,0.012210526315789474,0.05221052631578947,0.10231578947368421,0.0016842105263157896,0.0008421052631578948,0.004210526315789474,0.0012631578947368421,0.0,0.0016842105263157896,0.04968421052631579
0.0,0.0016842105263157896,0.0004210526315789474,0.0004210526315789474,0.0004210526315789474,0.0016842105263157896,0.0004210526315789474,0.0012631578947368421,0.0008421052631578948,0.0012631578947368421,0.006736842105263158,0.0012631578947368421,0.029894736842105262,0.0008421052631578948,0.0008421052631578948,0.0004210526315789474,0.0008421052631578948,0.0008421052631578948,0.0004210526315789474,0.0004210526315789474,0.0004210526315789474,0.0012631578947368421,0.0008421052631578948,0.003368421052631579,0.0,0.013052631578947368,0.051789473684210524,0.003789473684210526,0.0008421052631578948,0.0,0.013894736842105264,0.0016842105263157896,0.0,0.0004210526315789474,0.0029473684210526317,0.003789473684210526,0.0008421052631578948,0.0012631578947368421,0.0004210526315789474,0.0012631578947368421,0.0,0.002105263157894737,0.002105263157894737,0.0008421052631578948,0.0008421052631578948,0.0,0.0012631578947368421,0.0,0.0,0.0,0.0012631578947368421,0.0004210526315789474,0.0004210526315789474,0.0,0.0008421052631578948,0.0008421052631578948,0.005894736842105263,0.0,0.0025263157894736842,0.0050526315789473685,0.0004210526315789474,0.034105263157894736,0.0012631578947368421,0.0008421052631578948,0.0004210526315789474,0.0,0.0004210526315789474,0.0004210526315789474,0.0004210526315789474,0.0004210526315789474,0.0,0.0008421052631578948,0.003368421052631579,0.015157894736842105,0.008842105263157894,0.061894736842105266,0.0029473684210526317,0.0004210526315789474,0.0,0.01431578947368421,0.0008421052631578948,0.0,0.0008421052631578948,0.003789473684210526
0.0029473684210526317,0.005894736842105263,0.16589473684210526,0.004210526315789474,0.006736842105263158,0.027789473684210527,0.08294736842105263,0.10905263157894737,0.003368421052631579,0.08126315789473684,0.13557894736842105,0.03536842105263158,0.06315789473684211,0.09178947368421053,0.008421052631578947,0.0016842105263157896,0.39957894736842103,0.1414736842105263,0.22610526315789473,0.010947368421052631,0.07873684210526316,0.0025263157894736842,0.25852631578947366,0.014736842105263158,0.013052631578947368,0.0,0.6930526315789474,0.072,0.0871578947368421,0.05473684210526316,0.05221052631578947,0.04336842105263158,0.0016842105263157896,0.07242105263157894,0.061052631578947365,0.08505263157894737,0.04126315789473684,0.0648421052631579,0.026105263157894736,0.02526315789473684,0.005894736842105263,0.013894736842105264,0.03031578947368421,0.008,0.006736842105263158,0.003789473684210526,0.007578947368421052,0.0012631578947368421,0.0016842105263157896,0.0004210526315789474,0.0025263157894736842,0.032842105263157895,0.0012631578947368421,0.0012631578947368421,0.0046315789473684215,0.007157894736842105,0.03831578947368421,0.0008421052631578948,0.02526315789473684,0.013473684210526317,0.0054736842105263155,0.03663157894736842,0.009263157894736843,0.003789473684210526,0.0016842105263157896,0.003789473684210526,0.00968421052631579,0.035789473684210524,0.0046315789473684215,0.0029473684210526317,0.0004210526315789474,0.013894736842105264,0.011789473684210527,0.008421052631578947,0.21052631578947367,0.23326315789473684,0.026947368421052633,0.007157894736842105,0.0012631578947368421,0.03831578947368421,0.0029473684210526317,0.0,0.005894736842105263,0.04463157894736842
