0.0,0.0,0.0,0.0,0.0,1.0,52.0,63.0,0.0,27.0,2.0,0.0,0.0,213.0,0.0,0.0,4.0,6.0,4.0,0.0,10.0,0.0,4.0,0.0,0.0,7.0,2.0,3.0,108.0,72.0,0.0,3.0,6.0,20.0,2.0,1.0,0.0,7.0,0.0,0.0,0.0,0.0,0.0,0.0,0.0,0.0,0.0,0.0,0.0,0.0,0.0,0.0,0.0,0.0,0.0,0.0,0.0,0.0,0.0,0.0,0.0,0.0,0.0,0.0,0.0,0.0,0.0,0.0,0.0,0.0,0.0,0.0,0.0,0.0,0.0,0.0,0.0,0.0,0.0,0.0,0.0,0.0,0.0,1.0
0.0,0.0,1.0,0.0,0.0,1.0,0.0,0.0,0.0,0.0,2.0,1.0,12.0,0.0,0.0,0.0,3.0,0.0,1.0,0.0,0.0,2.0,0.0,5.0,4.0,14.0,81.0,4.0,0.0,0.0,5.0,1.0,0.0,0.0,3.0,2.0,1.0,1.0,0.0,1.0,0.0,0.0,1.0,1.0,0.0,0.0,0.0,0.0,0.0,0.0,13.0,1.0,0.0,0.0,0.0,0.0,3.0,0.0,1.0,2.0,0.0,12.0,1.0,0.0,2.0,0.0,0.0,0.0,0.0,0.0,0.0,0.0,4.0,4.0,11.0,114.0,5.0,0.0,0.0,6.0,0.0,0.0,0.0,3.0
0.0,1.0,0.0,0.0,1.0,6.0,66.0,25.0,0.0,14.0,6.0,3.0,10.0,19.0,2.0,1.0,163.0,9.0,18.0,1.0,94.0,1.0,425.0,4.0,1.0,394.0,308.0,33.0,35.0,38.0,4.0,7.0,0.0,19.0,14.0,42.0,15.0,22.0,9.0,7.0,1.0,5.0,22.0,5.0,3.0,1.0,4.0,0.0,0.0,0.0,0.0,35.0,0.0,0.0,1.0,2.0,10.0,0.0,4.0,3.0,0.0,4.0,3.0,0.0,1.0,2.0,1.0,5.0,1.0,2.0,1.0,27.0,2.0,0.0,36.0,43.0,4.0,3.0,0.0,6.0,1.0,0.0,2.0,9.0
0.0,0.0,0.0,0.0,4.0,26.0,11.0,25.0,9.0,61.0,7.0,37.0,7.0,7.0,11.0,0.0,0.0,3.0,1.0,32.0,2.0,1.0,2.0,43.0,1.0,10.0,9.0,65.0,3.0,0.0,2.0,9.0,0.0,1.0,67.0,6.0,1.0,2.0,1.0,16.0,1.0,2.0,5.0,2.0,0.0,0.0,6.0,0.0,0.0,0.0,0.0,1.0,10.0,1.0,7.0,9.0,49.0,2.0,65.0,3.0,12.0,5.0,9.0,4.0,0.0,0.0,2.0,1.0,12.0,1.0,0.0,1.0,24.0,0.0,7.0,9.0,43.0,2.0,0.0,3.0,2.0,0.0,1.0,48.0
0.0,0.0,1.0,4.0,0.0,39.0,4.0,53.0,4.0,23.0,22.0,25.0,22.0,15.0,22.0,0.0,2.0,8.0,2.0,8.0,3.0,0.0,3.0,8.0,1.0,16.0,8.0,18.0,8.0,1.0,2.0,32.0,0.0,6.0,99.0,16.0,3.0,10.0,5.0,54.0,8.0,4.0,8.0,2.0,2.0,0.0,7.0,1.0,1.0,0.0,0.0,1.0,2.0,1.0,7.0,5.0,35.0,1.0,21.0,5.0,8.0,8.0,7.0,4.0,0.0,0.0,2.0,1.0,5.0,0.0,0.0,1.0,7.0,1.0,7.0,7.0,15.0,1.0,0.0,5.0,3.0,0.0,3.0,57.0
1.0,1.0,6.0,26.0,39.0,0.0,47.0,449.0,19.0,378.0,58.0,184.0,57.0,97.0,93.0,1.0,11.0,28.0,12.0,49.0,11.0,3.0,15.0,58.0,4.0,66.0,42.0,107.0,24.0,4.0,10.0,110.0,0.0,19.0,690.0,60.0,21.0,29.0,7.0,195.0,15.0,13.0,27.0,6.0,5.0,1.0,23.0,2.0,2.0,0.0,0.0,3.0,14.0,4.0,32.0,18.0,158.0,8.0,105.0,14.0,40.0,25.0,24.0,15.0,1.0,0.0,9.0,7.0,32.0,4.0,0.0,7.0,38.0,3.0,36.0,37.0,78.0,6.0,1.0,13.0,7.0,0.0,6.0,272.0
52.0,0.0,66.0,11.0,4.0,47.0,0.0,453.0,2.0,921.0,22.0,16.0,16.0,514.0,9.0,1.0,35.0,31.0,21.0,11.0,232.0,2.0,149.0,63.0,1.0,197.0,46.0,1283.0,220.0,926.0,4.0,34.0,3.0,42.0,101.0,31.0,11.0,27.0,4.0,23.0,3.0,5.0,11.0,2.0,2.0,1.0,4.0,0.0,0.0,0.0,0.0,1.0,2.0,0.0,3.0,16.0,20.0,1.0,20.0,2.0,3.0,7.0,5.0,2.0,1.0,0.0,2.0,1.0,3.0,1.0,0.0,3.0,10.0,0.0,9.0,11.0,44.0,1.0,0.0,3.0,1.0,0.0,3.0,29.0
63.0,0.0,25.0,25.0,53.0,449.0,453.0,0.0,17.0,1015.0,93.0,233.0,68.0,1296.0,124.0,1.0,134.0,72.0,69.0,62.0,40.0,2.0,85.0,60.0,3.0,259.0,77.0,135.0,232.0,94.0,12.0,224.0,3.0,87.0,1123.0,78.0,26.0,65.0,13.0,185.0,14.0,17.0,32.0,6.0,4.0,2.0,26.0,3.0,1.0,0.0,0.0,3.0,12.0,4.0,36.0,22.0,175.0,8.0,164.0,17.0,52.0,27.0,22.0,18.0,2.0,0.0,7.0,7.0,46.0,5.0,1.0,10.0,35.0,4.0,33.0,35.0,76.0,5.0,1.0,12.0,6.0,0.0,6.0,357.0
0.0,0.0,0.0,9.0,4.0,19.0,2.0,17.0,0.0,14.0,3.0,42.0,10.0,5.0,8.0,3.0,1.0,1.0,1.0,22.0,3.0,8.0,1.0,65.0,2.0,8.0,22.0,57.0,1.0,0.0,2.0,6.0,0.0,0.0,60.0,5.0,1.0,3.0,0.0,10.0,1.0,1.0,5.0,1.0,0.0,0.0,7.0,0.0,0.0,0.0,1.0,0.0,6.0,2.0,9.0,10.0,47.0,9.0,39.0,3.0,17.0,8.0,5.0,4.0,4.0,0.0,2.0,1.0,10.0,2.0,3.0,4.0,50.0,1.0,7.0,24.0,56.0,2.0,0.0,3.0,1.0,0.0,1.0,70.0
27.0,0.0,14.0,61.0,23.0,378.0,921.0,1015.0,14.0,0.0,77.0,386.0,51.0,541.0,53.0,1.0,25.0,51.0,23.0,228.0,14.0,2.0,23.0,52.0,3.0,193.0,60.0,482.0,91.0,55.0,12.0,104.0,1.0,32.0,1086.0,34.0,13.0,31.0,7.0,72.0,5.0,12.0,16.0,5.0,6.0,3.0,18.0,2.0,2.0,0.0,0.0,2.0,22.0,3.0,26.0,37.0,145.0,7.0,303.0,14.0,39.0,20.0,32.0,11.0,1.0,0.0,7.0,4.0,47.0,3.0,1.0,3.0,36.0,2.0,28.0,29.0,138.0,6.0,1.0,12.0,4.0,0.0,6.0,316.0
2.0,2.0,6.0,7.0,22.0,58.0,22.0,93.0,3.0,77.0,0.0,49.0,214.0,79.0,17.0,1.0,35.0,217.0,55.0,22.0,16.0,2.0,16.0,14.0,16.0,322.0,92.0,65.0,138.0,13.0,45.0,181.0,2.0,151.0,118.0,47.0,27.0,121.0,24.0,55.0,21.0,13.0,28.0,6.0,8.0,4.0,18.0,4.0,3.0,0.0,1.0,4.0,3.0,2.0,12.0,9.0,73.0,2.0,38.0,29.0,9.0,85.0,13.0,9.0,1.0,0.0,7.0,6.0,9.0,3.0,0.0,7.0,14.0,10.0,38.0,62.0,31.0,5.0,1.0,41.0,7.0,0.0,8.0,70.0
0.0,1.0,3.0,37.0,25.0,184.0,16.0,233.0,42.0,386.0,49.0,0.0,37.0,44.0,56.0,1.0,5.0,17.0,7.0,115.0,8.0,4.0,10.0,86.0,3.0,84.0,35.0,141.0,18.0,2.0,11.0,63.0,0.0,11.0,828.0,35.0,7.0,18.0,3.0,73.0,4.0,9.0,23.0,7.0,5.0,2.0,29.0,3.0,2.0,0.0,1.0,2.0,20.0,3.0,54.0,25.0,232.0,14.0,254.0,14.0,67.0,22.0,29.0,15.0,1.0,0.0,8.0,7.0,59.0,3.0,2.0,5.0,56.0,3.0,36.0,36.0,117.0,6.0,1.0,12.0,8.0,0.0,7.0,444.0
0.0,12.0,10.0,7.0,22.0,57.0,16.0,68.0,10.0,51.0,214.0,37.0,0.0,27.0,19.0,3.0,11.0,68.0,12.0,21.0,18.0,8.0,22.0,27.0,71.0,150.0,246.0,70.0,32.0,4.0,107.0,86.0,0.0,27.0,97.0,81.0,34.0,50.0,25.0,63.0,18.0,21.0,48.0,16.0,16.0,7.0,28.0,6.0,6.0,0.0,7.0,9.0,4.0,3.0,20.0,19.0,129.0,3.0,38.0,57.0,10.0,258.0,28.0,17.0,4.0,1.0,10.0,12.0,9.0,8.0,2.0,19.0,31.0,56.0,87.0,209.0,48.0,12.0,3.0,124.0,11.0,0.0,16.0,78.0
213.0,0.0,19.0,7.0,15.0,97.0,514.0,1296.0,5.0,541.0,79.0,44.0,27.0,0.0,23.0,1.0,135.0,141.0,149.0,15.0,124.0,1.0,102.0,13.0,2.0,218.0,52.0,130.0,1059.0,426.0,6.0,181.0,24.0,357.0,145.0,40.0,25.0,184.0,8.0,61.0,6.0,6.0,12.0,3.0,2.0,1.0,8.0,1.0,0.0,0.0,0.0,4.0,3.0,2.0,7.0,6.0,42.0,1.0,29.0,4.0,9.0,10.0,6.0,5.0,0.0,0.0,4.0,5.0,8.0,2.0,0.0,5.0,9.0,1.0,19.0,27.0,28.0,2.0,1.0,6.0,2.0,0.0,3.0,57.0
0.0,0.0,2.0,11.0,22.0,93.0,9.0,124.0,8.0,53.0,17.0,56.0,19.0,23.0,0.0,0.0,1.0,8.0,2.0,22.0,4.0,0.0,4.0,27.0,2.0,20.0,16.0,43.0,5.0,1.0,4.0,41.0,0.0,4.0,252.0,23.0,6.0,10.0,2.0,88.0,4.0,5.0,10.0,3.0,2.0,1.0,9.0,1.0,1.0,0.0,0.0,1.0,7.0,3.0,16.0,9.0,71.0,4.0,46.0,5.0,21.0,9.0,8.0,8.0,0.0,0.0,4.0,3.0,14.0,1.0,0.0,2.0,17.0,1.0,13.0,15.0,43.0,2.0,1.0,6.0,3.0,0.0,2.0,132.0
0.0,0.0,1.0,0.0,0.0,1.0,1.0,1.0,3.0,1.0,1.0,1.0,3.0,1.0,0.0,0.0,1.0,0.0,0.0,1.0,26.0,20.0,22.0,43.0,1.0,4.0,29.0,43.0,1.0,1.0,1.0,0.0,0.0,0.0,5.0,5.0,1.0,0.0,0.0,1.0,0.0,0.0,4.0,1.0,0.0,0.0,1.0,0.0,0.0,0.0,1.0,2.0,0.0,0.0,0.0,1.0,2.0,0.0,2.0,0.0,1.0,4.0,0.0,0.0,11.0,0.0,0.0,0.0,0.0,6.0,4.0,11.0,20.0,0.0,5.0,25.0,26.0,1.0,0.0,1.0,0.0,0.0,0.0,4.0
4.0,3.0,163.0,0.0,2.0,11.0,35.0,134.0,1.0,25.0,35.0,5.0,11.0,135.0,1.0,1.0,0.0,91.0,319.0,1.0,91.0,1.0,401.0,3.0,2.0,949.0,238.0,23.0,174.0,65.0,4.0,25.0,4.0,174.0,16.0,32.0,18.0,43.0,10.0,7.0,1.0,4.0,14.0,2.0,5.0,2.0,4.0,0.0,1.0,0.0,0.0,22.0,0.0,0.0,2.0,1.0,9.0,0.0,5.0,6.0,1.0,5.0,4.0,1.0,1.0,3.0,2.0,25.0,1.0,1.0,1.0,9.0,1.0,1.0,137.0,98.0,6.0,7.0,1.0,6.0,1.0,0.0,3.0,7.0
6.0,0.0,9.0,3.0,8.0,28.0,31.0,72.0,1.0,51.0,217.0,17.0,68.0,141.0,8.0,0.0,91.0,0.0,198.0,7.0,28.0,0.0,41.0,4.0,2.0,336.0,48.0,50.0,195.0,33.0,12.0,72.0,3.0,142.0,42.0,52.0,24.0,108.0,11.0,26.0,10.0,7.0,12.0,3.0,4.0,2.0,5.0,1.0,1.0,0.0,0.0,3.0,1.0,1.0,3.0,4.0,25.0,1.0,16.0,9.0,4.0,11.0,4.0,3.0,0.0,0.0,5.0,11.0,4.0,1.0,0.0,3.0,3.0,1.0,48.0,29.0,11.0,2.0,0.0,16.0,2.0,0.0,3.0,26.0
4.0,1.0,18.0,1.0,2.0,12.0,21.0,69.0,1.0,23.0,55.0,7.0,12.0,149.0,2.0,0.0,319.0,198.0,0.0,2.0,27.0,0.0,80.0,3.0,1.0,537.0,130.0,25.0,178.0,36.0,4.0,22.0,3.0,167.0,15.0,39.0,24.0,80.0,7.0,11.0,2.0,5.0,11.0,3.0,3.0,2.0,3.0,0.0,1.0,0.0,0.0,5.0,0.0,0.0,1.0,2.0,12.0,0.0,8.0,5.0,1.0,6.0,3.0,1.0,0.0,1.0,6.0,20.0,1.0,1.0,0.0,4.0,2.0,1.0,119.0,69.0,7.0,4.0,1.0,9.0,1.0,0.0,2.0,12.0
0.0,0.0,1.0,32.0,8.0,49.0,11.0,62.0,22.0,228.0,22.0,115.0,21.0,15.0,22.0,1.0,1.0,7.0,2.0,0.0,3.0,3.0,3.0,52.0,1.0,26.0,18.0,73.0,6.0,0.0,3.0,22.0,0.0,3.0,188.0,13.0,4.0,5.0,2.0,25.0,1.0,4.0,10.0,3.0,2.0,0.0,14.0,0.0,1.0,0.0,0.0,1.0,15.0,1.0,17.0,15.0,95.0,2.0,131.0,8.0,27.0,10.0,16.0,7.0,0.0,0.0,6.0,2.0,35.0,2.0,0.0,2.0,34.0,1.0,13.0,17.0,79.0,3.0,0.0,6.0,4.0,0.0,2.0,145.0
10.0,0.0,94.0,2.0,3.0,11.0,232.0,40.0,3.0,14.0,16.0,8.0,18.0,124.0,4.0,26.0,91.0,28.0,27.0,3.0,0.0,9.0,768.0,40.0,1.0,187.0,58.0,334.0,212.0,758.0,7.0,19.0,12.0,114.0,33.0,60.0,21.0,52.0,7.0,13.0,4.0,5.0,38.0,4.0,1.0,1.0,4.0,1.0,0.0,0.0,1.0,7.0,1.0,1.0,3.0,2.0,16.0,1.0,10.0,4.0,2.0,10.0,3.0,3.0,5.0,0.0,2.0,2.0,2.0,15.0,3.0,32.0,12.0,1.0,18.0,27.0,63.0,3.0,1.0,5.0,0.0,0.0,2.0,23.0
0.0,2.0,1.0,1.0,0.0,3.0,2.0,2.0,8.0,2.0,2.0,4.0,8.0,1.0,0.0,20.0,1.0,0.0,0.0,3.0,9.0,0.0,6.0,61.0,3.0,6.0,79.0,47.0,1.0,0.0,2.0,1.0,0.0,0.0,6.0,3.0,1.0,1.0,0.0,1.0,0.0,1.0,4.0,3.0,0.0,0.0,1.0,0.0,0.0,0.0,5.0,1.0,1.0,0.0,1.0,2.0,5.0,3.0,5.0,1.0,2.0,10.0,1.0,1.0,15.0,0.0,0.0,1.0,2.0,4.0,21.0,9.0,38.0,2.0,7.0,83.0,36.0,0.0,0.0,3.0,0.0,0.0,0.0,8.0
4.0,0.0,425.0,2.0,3.0,15.0,149.0,85.0,1.0,23.0,16.0,10.0,22.0,102.0,4.0,22.0,401.0,41.0,80.0,3.0,768.0,6.0,0.0,19.0,2.0,614.0,215.0,174.0,163.0,410.0,6.0,27.0,6.0,130.0,33.0,99.0,34.0,64.0,11.0,20.0,5.0,10.0,63.0,5.0,3.0,2.0,4.0,1.0,1.0,0.0,0.0,19.0,0.0,1.0,4.0,4.0,15.0,0.0,9.0,4.0,2.0,10.0,4.0,2.0,8.0,2.0,3.0,6.0,1.0,10.0,2.0,58.0,9.0,1.0,39.0,63.0,15.0,3.0,1.0,4.0,2.0,0.0,4.0,18.0
0.0,5.0,4.0,43.0,8.0,58.0,63.0,60.0,65.0,52.0,14.0,86.0,27.0,13.0,27.0,43.0,3.0,4.0,3.0,52.0,40.0,61.0,19.0,0.0,8.0,35.0,105.0,512.0,7.0,6.0,11.0,18.0,0.0,3.0,141.0,25.0,6.0,7.0,1.0,28.0,3.0,4.0,20.0,9.0,2.0,1.0,17.0,1.0,0.0,0.0,5.0,3.0,20.0,1.0,16.0,36.0,77.0,21.0,87.0,7.0,31.0,24.0,18.0,10.0,30.0,0.0,4.0,4.0,26.0,26.0,18.0,29.0,228.0,5.0,29.0,124.0,243.0,4.0,2.0,10.0,3.0,0.0,4.0,118.0
0.0,4.0,1.0,1.0,1.0,4.0,1.0,3.0,2.0,3.0,16.0,3.0,71.0,2.0,2.0,1.0,2.0,2.0,1.0,1.0,1.0,3.0,2.0,8.0,0.0,31.0,123.0,9.0,2.0,0.0,33.0,4.0,0.0,1.0,7.0,9.0,2.0,3.0,1.0,3.0,0.0,5.0,5.0,2.0,2.0,0.0,3.0,0.0,0.0,0.0,3.0,1.0,1.0,0.0,2.0,2.0,14.0,0.0,6.0,12.0,1.0,81.0,3.0,2.0,1.0,0.0,1.0,1.0,1.0,1.0,0.0,2.0,8.0,36.0,21.0,147.0,7.0,1.0,0.0,34.0,2.0,0.0,2.0,9.0
7.0,14.0,394.0,10.0,16.0,66.0,197.0,259.0,8.0,193.0,322.0,84.0,150.0,218.0,20.0,4.0,949.0,336.0,537.0,26.0,187.0,6.0,614.0,35.0,31.0,0.0,1646.0,171.0,207.0,130.0,124.0,103.0,4.0,172.0,145.0,202.0,98.0,154.0,62.0,60.0,14.0,33.0,72.0,19.0,16.0,9.0,18.0,3.0,4.0,1.0,6.0,78.0,3.0,3.0,11.0,17.0,91.0,2.0,60.0,32.0,13.0,87.0,22.0,9.0,4.0,9.0,23.0,85.0,11.0,7.0,1.0,33.0,28.0,20.0,500.0,554.0,64.0,17.0,3.0,91.0,7.0,0.0,14.0,106.0
2.0,81.0,308.0,9.0,8.0,42.0,46.0,77.0,22.0,60.0,92.0,35.0,246.0,52.0,16.0,29.0,238.0,48.0,130.0,18.0,58.0,79.0,215.0,105.0,123.0,1646.0,0.0,138.0,114.0,16.0,166.0,40.0,2.0,48.0,98.0,113.0,44.0,87.0,32.0,44.0,8.0,24.0,62.0,30.0,15.0,9.0,20.0,5.0,3.0,0.0,54.0,66.0,7.0,3.0,13.0,15.0,72.0,7.0,43.0,46.0,11.0,183.0,24.0,12.0,36.0,5.0,11.0,49.0,9.0,19.0,18.0,47.0,82.0,87.0,419.0,1463.0,101.0,14.0,3.0,151.0,8.0,0.0,10.0,91.0
3.0,4.0,33.0,65.0,18.0,107.0,1283.0,135.0,57.0,482.0,65.0,141.0,70.0,130.0,43.0,43.0,23.0,50.0,25.0,73.0,334.0,47.0,174.0,512.0,9.0,171.0,138.0,0.0,108.0,289.0,24.0,58.0,1.0,52.0,316.0,109.0,31.0,54.0,12.0,82.0,8.0,19.0,49.0,14.0,12.0,4.0,36.0,3.0,3.0,1.0,3.0,8.0,30.0,4.0,39.0,121.0,176.0,13.0,197.0,20.0,38.0,38.0,44.0,19.0,22.0,1.0,12.0,10.0,38.0,31.0,13.0,29.0,179.0,5.0,54.0,123.0,589.0,13.0,8.0,20.0,9.0,0.0,12.0,227.0
108.0,0.0,35.0,3.0,8.0,24.0,220.0,232.0,1.0,91.0,138.0,18.0,32.0,1059.0,5.0,1.0,174.0,195.0,178.0,6.0,212.0,1.0,163.0,7.0,2.0,207.0,114.0,108.0,0.0,648.0,7.0,129.0,62.0,697.0,37.0,30.0,27.0,346.0,13.0,30.0,11.0,7.0,10.0,2.0,2.0,2.0,4.0,1.0,1.0,0.0,0.0,8.0,0.0,1.0,3.0,3.0,20.0,0.0,11.0,4.0,3.0,9.0,4.0,3.0,0.0,0.0,3.0,5.0,2.0,1.0,0.0,6.0,5.0,0.0,31.0,41.0,12.0,3.0,0.0,7.0,1.0,0.0,2.0,23.0
72.0,0.0,38.0,0.0,1.0,4.0,926.0,94.0,0.0,55.0,13.0,2.0,4.0,426.0,1.0,1.0,65.0,33.0,36.0,0.0,758.0,0.0,410.0,6.0,0.0,130.0,16.0,289.0,648.0,0.0,1.0,23.0,33.0,197.0,7.0,18.0,9.0,82.0,1.0,5.0,1.0,1.0,6.0,1.0,1.0,0.0,1.0,0.0,0.0,0.0,0.0,1.0,0.0,0.0,0.0,0.0,4.0,0.0,2.0,0.0,0.0,2.0,1.0,0.0,0.0,0.0,0.0,1.0,0.0,1.0,0.0,3.0,1.0,0.0,4.0,3.0,6.0,1.0,0.0,1.0,0.0,0.0,0.0,3.0
0.0,5.0,4.0,2.0,2.0,10.0,4.0,12.0,2.0,12.0,45.0,11.0,107.0,6.0,4.0,1.0,4.0,12.0,4.0,3.0,7.0,2.0,6.0,11.0,33.0,124.0,166.0,24.0,7.0,1.0,0.0,13.0,0.0,7.0,27.0,34.0,16.0,19.0,14.0,14.0,3.0,8.0,16.0,6.0,3.0,2.0,5.0,1.0,1.0,0.0,3.0,3.0,1.0,1.0,4.0,4.0,26.0,0.0,13.0,17.0,4.0,91.0,6.0,3.0,1.0,0.0,3.0,3.0,3.0,1.0,1.0,3.0,9.0,18.0,68.0,143.0,13.0,2.0,0.0,73.0,2.0,0.0,3.0,23.0
3.0,1.0,7.0,9.0,32.0,110.0,34.0,224.0,6.0,104.0,181.0,63.0,86.0,181.0,41.0,0.0,25.0,72.0,22.0,22.0,19.0,1.0,27.0,18.0,4.0,103.0,40.0,58.0,129.0,23.0,13.0,0.0,3.0,136.0,223.0,51.0,24.0,110.0,14.0,109.0,25.0,19.0,18.0,6.0,5.0,3.0,15.0,4.0,1.0,0.0,0.0,3.0,4.0,2.0,15.0,10.0,78.0,3.0,49.0,12.0,17.0,32.0,11.0,10.0,1.0,0.0,4.0,4.0,13.0,3.0,0.0,4.0,12.0,3.0,22.0,26.0,31.0,4.0,1.0,15.0,5.0,0.0,6.0,89.0
6.0,0.0,0.0,0.0,0.0,0.0,3.0,3.0,0.0,1.0,2.0,0.0,0.0,24.0,0.0,0.0,4.0,3.0,3.0,0.0,12.0,0.0,6.0,0.0,0.0,4.0,2.0,1.0,62.0,33.0,0.0,3.0,0.0,41.0,0.0,1.0,0.0,24.0,0.0,0.0,0.0,0.0,0.0,0.0,0.0,0.0,0.0,0.0,0.0,0.0,0.0,0.0,0.0,0.0,0.0,0.0,0.0,0.0,0.0,0.0,0.0,0.0,0.0,0.0,0.0,0.0,0.0,0.0,0.0,0.0,0.0,0.0,0.0,0.0,0.0,0.0,0.0,0.0,0.0,0.0,0.0,0.0,0.0,0.0
20.0,0.0,19.0,1.0,6.0,19.0,42.0,87.0,0.0,32.0,151.0,11.0,27.0,357.0,4.0,0.0,174.0,142.0,167.0,3.0,114.0,0.0,130.0,3.0,1.0,172.0,48.0,52.0,697.0,197.0,7.0,136.0,41.0,0.0,22.0,22.0,16.0,261.0,14.0,19.0,10.0,5.0,6.0,2.0,2.0,1.0,3.0,1.0,0.0,0.0,0.0,2.0,0.0,1.0,2.0,1.0,13.0,0.0,7.0,3.0,1.0,7.0,3.0,1.0,0.0,0.0,1.0,1.0,1.0,0.0,0.0,2.0,2.0,1.0,13.0,12.0,5.0,1.0,0.0,4.0,1.0,0.0,3.0,14.0
2.0,3.0,14.0,67.0,99.0,690.0,101.0,1123.0,60.0,1086.0,118.0,828.0,97.0,145.0,252.0,5.0,16.0,42.0,15.0,188.0,33.0,6.0,33.0,141.0,7.0,145.0,98.0,316.0,37.0,7.0,27.0,223.0,0.0,22.0,0.0,89.0,28.0,55.0,12.0,241.0,12.0,25.0,70.0,19.0,15.0,3.0,69.0,10.0,5.0,1.0,1.0,8.0,42.0,13.0,121.0,61.0,560.0,42.0,575.0,41.0,172.0,61.0,61.0,49.0,4.0,1.0,25.0,20.0,121.0,12.0,2.0,19.0,118.0,7.0,80.0,95.0,223.0,17.0,3.0,30.0,18.0,0.0,19.0,1906.0
1.0,2.0,42.0,6.0,16.0,60.0,31.0,78.0,5.0,34.0,47.0,35.0,81.0,40.0,23.0,5.0,32.0,52.0,39.0,13.0,60.0,3.0,99.0,25.0,9.0,202.0,113.0,109.0,30.0,18.0,34.0,51.0,1.0,22.0,89.0,0.0,163.0,68.0,19.0,128.0,9.0,30.0,75.0,19.0,12.0,6.0,22.0,4.0,4.0,0.0,1.0,27.0,4.0,4.0,17.0,16.0,107.0,2.0,40.0,23.0,12.0,44.0,22.0,10.0,3.0,4.0,15.0,31.0,6.0,22.0,1.0,44.0,18.0,5.0,116.0,84.0,65.0,13.0,5.0,33.0,8.0,0.0,11.0,89.0
0.0,1.0,15.0,1.0,3.0,21.0,11.0,26.0,1.0,13.0,27.0,7.0,34.0,25.0,6.0,1.0,18.0,24.0,24.0,4.0,21.0,1.0,34.0,6.0,2.0,98.0,44.0,31.0,27.0,9.0,16.0,24.0,0.0,16.0,28.0,163.0,0.0,76.0,34.0,31.0,3.0,24.0,22.0,7.0,5.0,2.0,5.0,2.0,1.0,0.0,0.0,13.0,0.0,1.0,5.0,3.0,20.0,0.0,11.0,8.0,2.0,14.0,7.0,3.0,1.0,1.0,4.0,11.0,1.0,2.0,0.0,9.0,4.0,1.0,54.0,48.0,11.0,3.0,1.0,14.0,2.0,0.0,3.0,21.0
7.0,1.0,22.0,2.0,10.0,29.0,27.0,65.0,3.0,31.0,121.0,18.0,50.0,184.0,10.0,0.0,43.0,108.0,80.0,5.0,52.0,1.0,64.0,7.0,3.0,154.0,87.0,54.0,346.0,82.0,19.0,110.0,24.0,261.0,55.0,68.0,76.0,0.0,98.0,41.0,15.0,26.0,22.0,6.0,7.0,4.0,10.0,2.0,1.0,0.0,0.0,7.0,2.0,2.0,6.0,6.0,46.0,1.0,20.0,10.0,6.0,25.0,9.0,6.0,0.0,1.0,5.0,7.0,3.0,2.0,0.0,6.0,6.0,3.0,47.0,41.0,17.0,5.0,1.0,17.0,5.0,0.0,6.0,50.0
0.0,0.0,9.0,1.0,5.0,7.0,4.0,13.0,0.0,7.0,24.0,3.0,25.0,8.0,2.0,0.0,10.0,11.0,7.0,2.0,7.0,0.0,11.0,1.0,1.0,62.0,32.0,12.0,13.0,1.0,14.0,14.0,0.0,14.0,12.0,19.0,34.0,98.0,0.0,12.0,6.0,12.0,5.0,3.0,2.0,2.0,3.0,1.0,1.0,0.0,0.0,3.0,0.0,0.0,2.0,2.0,12.0,0.0,4.0,5.0,1.0,12.0,3.0,1.0,0.0,1.0,1.0,3.0,0.0,0.0,0.0,2.0,2.0,1.0,19.0,17.0,4.0,1.0,0.0,8.0,2.0,0.0,2.0,9.0
0.0,1.0,7.0,16.0,54.0,195.0,23.0,185.0,10.0,72.0,55.0,73.0,63.0,61.0,88.0,1.0,7.0,26.0,11.0,25.0,13.0,1.0,20.0,28.0,3.0,60.0,44.0,82.0,30.0,5.0,14.0,109.0,0.0,19.0,241.0,128.0,31.0,41.0,12.0,0.0,15.0,19.0,24.0,7.0,5.0,2.0,17.0,2.0,2.0,0.0,0.0,3.0,6.0,2.0,19.0,14.0,98.0,4.0,73.0,16.0,20.0,29.0,15.0,13.0,1.0,0.0,7.0,5.0,13.0,4.0,0.0,8.0,20.0,3.0,28.0,33.0,55.0,4.0,1.0,18.0,7.0,0.0,7.0,122.0
0.0,0.0,1.0,1.0,8.0,15.0,3.0,14.0,1.0,5.0,21.0,4.0,18.0,6.0,4.0,0.0,1.0,10.0,2.0,1.0,4.0,0.0,5.0,3.0,0.0,14.0,8.0,8.0,11.0,1.0,3.0,25.0,0.0,10.0,12.0,9.0,3.0,15.0,6.0,15.0,0.0,5.0,2.0,0.0,0.0,0.0,2.0,0.0,0.0,0.0,0.0,0.0,0.0,0.0,2.0,1.0,10.0,0.0,5.0,3.0,1.0,6.0,1.0,2.0,0.0,0.0,0.0,1.0,1.0,0.0,0.0,1.0,2.0,1.0,3.0,5.0,5.0,1.0,0.0,4.0,0.0,0.0,2.0,8.0
0.0,0.0,5.0,2.0,4.0,13.0,5.0,17.0,1.0,12.0,13.0,9.0,21.0,6.0,5.0,0.0,4.0,7.0,5.0,4.0,5.0,1.0,10.0,4.0,5.0,33.0,24.0,19.0,7.0,1.0,8.0,19.0,0.0,5.0,25.0,30.0,24.0,26.0,12.0,19.0,5.0,0.0,9.0,4.0,3.0,3.0,6.0,2.0,2.0,0.0,0.0,1.0,0.0,2.0,6.0,3.0,32.0,0.0,14.0,7.0,2.0,26.0,7.0,4.0,0.0,0.0,3.0,2.0,1.0,1.0,0.0,5.0,4.0,3.0,12.0,19.0,10.0,3.0,0.0,9.0,4.0,0.0,6.0,22.0
0.0,1.0,22.0,5.0,8.0,27.0,11.0,32.0,5.0,16.0,28.0,23.0,48.0,12.0,10.0,4.0,14.0,12.0,11.0,10.0,38.0,4.0,63.0,20.0,5.0,72.0,62.0,49.0,10.0,6.0,16.0,18.0,0.0,6.0,70.0,75.0,22.0,22.0,5.0,24.0,2.0,9.0,0.0,134.0,22.0,18.0,51.0,3.0,14.0,0.0,1.0,30.0,3.0,6.0,20.0,17.0,131.0,2.0,34.0,31.0,7.0,40.0,32.0,14.0,6.0,5.0,56.0,65.0,5.0,29.0,1.0,86.0,12.0,6.0,227.0,138.0,62.0,22.0,7.0,45.0,8.0,0.0,15.0,88.0
0.0,1.0,5.0,2.0,2.0,6.0,2.0,6.0,1.0,5.0,6.0,7.0,16.0,3.0,3.0,1.0,2.0,3.0,3.0,3.0,4.0,3.0,5.0,9.0,2.0,19.0,30.0,14.0,2.0,1.0,6.0,6.0,0.0,2.0,19.0,19.0,7.0,6.0,3.0,7.0,0.0,4.0,134.0,0.0,75.0,33.0,21.0,3.0,16.0,0.0,1.0,9.0,0.0,2.0,10.0,8.0,58.0,0.0,12.0,14.0,3.0,18.0,19.0,7.0,1.0,2.0,16.0,26.0,2.0,8.0,1.0,29.0,6.0,4.0,102.0,51.0,17.0,11.0,3.0,14.0,3.0,0.0,7.0,34.0
0.0,0.0,3.0,0.0,2.0,5.0,2.0,4.0,0.0,6.0,8.0,5.0,16.0,2.0,2.0,0.0,5.0,4.0,3.0,2.0,1.0,0.0,3.0,2.0,2.0,16.0,15.0,12.0,2.0,1.0,3.0,5.0,0.0,2.0,15.0,12.0,5.0,7.0,2.0,5.0,0.0,3.0,22.0,75.0,0.0,39.0,33.0,13.0,16.0,4.0,0.0,10.0,0.0,3.0,11.0,19.0,98.0,0.0,17.0,46.0,2.0,16.0,137.0,6.0,0.0,9.0,34.0,57.0,2.0,27.0,0.0,32.0,2.0,4.0,69.0,45.0,32.0,145.0,65.0,9.0,17.0,10.0,101.0,25.0
0.0,0.0,1.0,0.0,0.0,1.0,1.0,2.0,0.0,3.0,4.0,2.0,7.0,1.0,1.0,0.0,2.0,2.0,2.0,0.0,1.0,0.0,2.0,1.0,0.0,9.0,9.0,4.0,2.0,0.0,2.0,3.0,0.0,1.0,3.0,6.0,2.0,4.0,2.0,2.0,0.0,3.0,18.0,33.0,39.0,0.0,18.0,8.0,6.0,0.0,0.0,5.0,0.0,1.0,4.0,5.0,19.0,0.0,6.0,13.0,1.0,8.0,13.0,2.0,0.0,1.0,9.0,10.0,0.0,4.0,0.0,7.0,1.0,2.0,32.0,16.0,13.0,8.0,2.0,6.0,3.0,0.0,22.0,7.0
0.0,0.0,4.0,6.0,7.0,23.0,4.0,26.0,7.0,18.0,18.0,29.0,28.0,8.0,9.0,1.0,4.0,5.0,3.0,14.0,4.0,1.0,4.0,17.0,3.0,18.0,20.0,36.0,4.0,1.0,5.0,15.0,0.0,3.0,69.0,22.0,5.0,10.0,3.0,17.0,2.0,6.0,51.0,21.0,33.0,18.0,0.0,6.0,6.0,2.0,0.0,11.0,2.0,16.0,52.0,46.0,278.0,2.0,54.0,35.0,10.0,28.0,139.0,51.0,1.0,4.0,39.0,29.0,7.0,40.0,0.0,57.0,17.0,4.0,58.0,41.0,90.0,84.0,28.0,14.0,31.0,2.0,36.0,133.0
0.0,0.0,0.0,0.0,1.0,2.0,0.0,3.0,0.0,2.0,4.0,3.0,6.0,1.0,1.0,0.0,0.0,1.0,0.0,0.0,1.0,0.0,1.0,1.0,0.0,3.0,5.0,3.0,1.0,0.0,1.0,4.0,0.0,1.0,10.0,4.0,2.0,2.0,1.0,2.0,0.0,2.0,3.0,3.0,13.0,8.0,6.0,0.0,1.0,0.0,0.0,2.0,0.0,4.0,5.0,5.0,38.0,0.0,6.0,10.0,0.0,8.0,25.0,2.0,0.0,1.0,7.0,4.0,0.0,3.0,0.0,7.0,1.0,1.0,8.0,9.0,8.0,13.0,4.0,3.0,14.0,0.0,10.0,8.0
0.0,0.0,0.0,0.0,1.0,2.0,0.0,1.0,0.0,2.0,3.0,2.0,6.0,0.0,1.0,0.0,1.0,1.0,1.0,1.0,0.0,0.0,1.0,0.0,0.0,4.0,3.0,3.0,1.0,0.0,1.0,1.0,0.0,0.0,5.0,4.0,1.0,1.0,1.0,2.0,0.0,2.0,14.0,16.0,16.0,6.0,6.0,1.0,0.0,0.0,0.0,1.0,0.0,0.0,2.0,3.0,18.0,0.0,6.0,2.0,1.0,5.0,4.0,1.0,0.0,0.0,2.0,4.0,0.0,1.0,0.0,4.0,1.0,1.0,17.0,6.0,4.0,2.0,1.0,2.0,2.0,0.0,4.0,7.0
0.0,0.0,0.0,0.0,0.0,0.0,0.0,0.0,0.0,0.0,0.0,0.0,0.0,0.0,0.0,0.0,0.0,0.0,0.0,0.0,0.0,0.0,0.0,0.0,0.0,1.0,0.0,1.0,0.0,0.0,0.0,0.0,0.0,0.0,1.0,0.0,0.0,0.0,0.0,0.0,0.0,0.0,0.0,0.0,4.0,0.0,2.0,0.0,0.0,0.0,0.0,0.0,0.0,0.0,1.0,11.0,68.0,0.0,2.0,7.0,0.0,0.0,215.0,0.0,0.0,0.0,5.0,9.0,0.0,5.0,0.0,2.0,0.0,0.0,9.0,2.0,4.0,54.0,53.0,1.0,1.0,1.0,11.0,1.0
0.0,13.0,0.0,0.0,0.0,0.0,0.0,0.0,1.0,0.0,1.0,1.0,7.0,0.0,0.0,1.0,0.0,0.0,0.0,0.0,1.0,5.0,0.0,5.0,3.0,6.0,54.0,3.0,0.0,0.0,3.0,0.0,0.0,0.0,1.0,1.0,0.0,0.0,0.0,0.0,0.0,0.0,1.0,1.0,0.0,0.0,0.0,0.0,0.0,0.0,0.0,1.0,0.0,0.0,0.0,0.0,2.0,0.0,0.0,1.0,0.0,7.0,0.0,0.0,1.0,0.0,0.0,1.0,0.0,0.0,1.0,1.0,4.0,2.0,7.0,58.0,4.0,0.0,0.0,3.0,0.0,0.0,0.0,2.0
0.0,1.0,35.0,1.0,1.0,3.0,1.0,3.0,0.0,2.0,4.0,2.0,9.0,4.0,1.0,2.0,22.0,3.0,5.0,1.0,7.0,1.0,19.0,3.0,1.0,78.0,66.0,8.0,8.0,1.0,3.0,3.0,0.0,2.0,8.0,27.0,13.0,7.0,3.0,3.0,0.0,1.0,30.0,9.0,10.0,5.0,11.0,2.0,1.0,0.0,1.0,0.0,0.0,0.0,2.0,57.0,42.0,0.0,6.0,7.0,1.0,8.0,53.0,1.0,3.0,66.0,7.0,93.0,1.0,49.0,1.0,341.0,3.0,1.0,610.0,480.0,27.0,41.0,13.0,6.0,1.0,0.0,13.0,12.0
0.0,0.0,0.0,10.0,2.0,14.0,2.0,12.0,6.0,22.0,3.0,20.0,4.0,3.0,7.0,0.0,0.0,1.0,0.0,15.0,1.0,1.0,0.0,20.0,1.0,3.0,7.0,30.0,0.0,0.0,1.0,4.0,0.0,0.0,42.0,4.0,0.0,2.0,0.0,6.0,0.0,0.0,3.0,0.0,0.0,0.0,2.0,0.0,0.0,0.0,0.0,0.0,0.0,0.0,4.0,6.0,22.0,1.0,35.0,1.0,6.0,2.0,3.0,2.0,1.0,0.0,1.0,0.0,10.0,1.0,0.0,0.0,19.0,0.0,3.0,6.0,35.0,1.0,0.0,1.0,0.0,0.0,0.0,35.0
0.0,0.0,0.0,1.0,1.0,4.0,0.0,4.0,2.0,3.0,2.0,3.0,3.0,2.0,3.0,0.0,0.0,1.0,0.0,1.0,1.0,0.0,1.0,1.0,0.0,3.0,3.0,4.0,1.0,0.0,1.0,2.0,0.0,1.0,13.0,4.0,1.0,2.0,0.0,2.0,0.0,2.0,6.0,2.0,3.0,1.0,16.0,4.0,0.0,0.0,0.0,0.0,0.0,0.0,8.0,6.0,52.0,0.0,9.0,11.0,2.0,8.0,10.0,7.0,0.0,0.0,6.0,2.0,1.0,1.0,0.0,1.0,2.0,1.0,7.0,4.0,8.0,6.0,0.0,3.0,5.0,0.0,6.0,24.0
0.0,0.0,1.0,7.0,7.0,32.0,3.0,36.0,9.0,26.0,12.0,54.0,20.0,7.0,16.0,0.0,2.0,3.0,1.0,17.0,3.0,1.0,4.0,16.0,2.0,11.0,13.0,39.0,3.0,0.0,4.0,15.0,0.0,2.0,121.0,17.0,5.0,6.0,2.0,19.0,2.0,6.0,20.0,10.0,11.0,4.0,52.0,5.0,2.0,1.0,0.0,2.0,4.0,8.0,0.0,35.0,318.0,4.0,164.0,28.0,34.0,20.0,85.0,43.0,0.0,2.0,23.0,11.0,8.0,5.0,0.0,12.0,14.0,2.0,28.0,22.0,53.0,26.0,8.0,8.0,17.0,1.0,16.0,433.0
0.0,0.0,2.0,9.0,5.0,18.0,16.0,22.0,10.0,37.0,9.0,25.0,19.0,6.0,9.0,1.0,1.0,4.0,2.0,15.0,2.0,2.0,4.0,36.0,2.0,17.0,15.0,121.0,3.0,0.0,4.0,10.0,0.0,1.0,61.0,16.0,3.0,6.0,2.0,14.0,1.0,3.0,17.0,8.0,19.0,5.0,46.0,5.0,3.0,11.0,0.0,57.0,6.0,6.0,35.0,0.0,894.0,3.0,1125.0,47.0,11.0,17.0,1519.0,21.0,2.0,22.0,42.0,80.0,9.0,235.0,1.0,215.0,90.0,1.0,166.0,33.0,1497.0,164.0,1175.0,8.0,21.0,2.0,44.0,182.0
0.0,3.0,10.0,49.0,35.0,158.0,20.0,175.0,47.0,145.0,73.0,232.0,129.0,42.0,71.0,2.0,9.0,25.0,12.0,95.0,16.0,5.0,15.0,77.0,14.0,91.0,72.0,176.0,20.0,4.0,26.0,78.0,0.0,13.0,560.0,107.0,20.0,46.0,12.0,98.0,10.0,32.0,131.0,58.0,98.0,19.0,278.0,38.0,18.0,68.0,2.0,42.0,22.0,52.0,318.0,894.0,0.0,18.0,956.0,331.0,118.0,150.0,2375.0,194.0,4.0,25.0,197.0,133.0,53.0,65.0,4.0,101.0,76.0,11.0,337.0,143.0,385.0,386.0,246.0,53.0,143.0,10.0,185.0,1377.0
0.0,0.0,0.0,2.0,1.0,8.0,1.0,8.0,9.0,7.0,2.0,14.0,3.0,1.0,4.0,0.0,0.0,1.0,0.0,2.0,1.0,3.0,0.0,21.0,0.0,2.0,7.0,13.0,0.0,0.0,0.0,3.0,0.0,0.0,42.0,2.0,0.0,1.0,0.0,4.0,0.0,0.0,2.0,0.0,0.0,0.0,2.0,0.0,0.0,0.0,0.0,0.0,1.0,0.0,4.0,3.0,18.0,0.0,14.0,1.0,6.0,2.0,1.0,2.0,1.0,0.0,1.0,0.0,4.0,1.0,1.0,1.0,15.0,0.0,2.0,5.0,15.0,1.0,0.0,1.0,1.0,0.0,0.0,39.0
0.0,1.0,4.0,65.0,21.0,105.0,20.0,164.0,39.0,303.0,38.0,254.0,38.0,29.0,46.0,2.0,5.0,16.0,8.0,131.0,10.0,5.0,9.0,87.0,6.0,60.0,43.0,197.0,11.0,2.0,13.0,49.0,0.0,7.0,575.0,40.0,11.0,20.0,4.0,73.0,5.0,14.0,34.0,12.0,17.0,6.0,54.0,6.0,6.0,2.0,0.0,6.0,35.0,9.0,164.0,1125.0,956.0,14.0,0.0,53.0,144.0,37.0,464.0,41.0,3.0,3.0,50.0,31.0,114.0,11.0,1.0,13.0,86.0,4.0,107.0,69.0,523.0,49.0,33.0,22.0,26.0,0.0,24.0,1253.0
0.0,2.0,3.0,3.0,5.0,14.0,2.0,17.0,3.0,14.0,29.0,14.0,57.0,4.0,5.0,0.0,6.0,9.0,5.0,8.0,4.0,1.0,4.0,7.0,12.0,32.0,46.0,20.0,4.0,0.0,17.0,12.0,0.0,3.0,41.0,23.0,8.0,10.0,5.0,16.0,3.0,7.0,31.0,14.0,46.0,13.0,35.0,10.0,2.0,7.0,1.0,7.0,1.0,11.0,28.0,47.0,331.0,1.0,53.0,0.0,7.0,101.0,265.0,10.0,1.0,19.0,307.0,127.0,3.0,20.0,0.0,29.0,8.0,6.0,290.0,71.0,70.0,175.0,48.0,56.0,68.0,2.0,123.0,49.0
0.0,0.0,0.0,12.0,8.0,40.0,3.0,52.0,17.0,39.0,9.0,67.0,10.0,9.0,21.0,1.0,1.0,4.0,1.0,27.0,2.0,2.0,2.0,31.0,1.0,13.0,11.0,38.0,3.0,0.0,4.0,17.0,0.0,1.0,172.0,12.0,2.0,6.0,1.0,20.0,1.0,2.0,7.0,3.0,2.0,1.0,10.0,0.0,1.0,0.0,0.0,1.0,6.0,2.0,34.0,11.0,118.0,6.0,144.0,7.0,0.0,9.0,15.0,9.0,0.0,0.0,6.0,3.0,16.0,2.0,0.0,3.0,23.0,1.0,16.0,16.0,34.0,4.0,0.0,4.0,4.0,0.0,1.0,253.0
0.0,12.0,4.0,5.0,8.0,25.0,7.0,27.0,8.0,20.0,85.0,22.0,258.0,10.0,9.0,4.0,5.0,11.0,6.0,10.0,10.0,10.0,10.0,24.0,81.0,87.0,183.0,38.0,9.0,2.0,91.0,32.0,0.0,7.0,61.0,44.0,14.0,25.0,12.0,29.0,6.0,26.0,40.0,18.0,16.0,8.0,28.0,8.0,5.0,0.0,7.0,8.0,2.0,8.0,20.0,17.0,150.0,2.0,37.0,101.0,9.0,0.0,57.0,15.0,2.0,2.0,38.0,13.0,5.0,7.0,2.0,18.0,20.0,45.0,89.0,186.0,44.0,27.0,4.0,89.0,35.0,0.0,18.0,69.0
0.0,1.0,3.0,9.0,7.0,24.0,5.0,22.0,5.0,32.0,13.0,29.0,28.0,6.0,8.0,0.0,4.0,4.0,3.0,16.0,3.0,1.0,4.0,18.0,3.0,22.0,24.0,44.0,4.0,1.0,6.0,11.0,0.0,3.0,61.0,22.0,7.0,9.0,3.0,15.0,1.0,7.0,32.0,19.0,137.0,13.0,139.0,25.0,4.0,215.0,0.0,53.0,3.0,10.0,85.0,1519.0,2375.0,1.0,464.0,265.0,15.0,57.0,0.0,25.0,1.0,54.0,177.0,236.0,8.0,152.0,0.0,158.0,16.0,3.0,247.0,94.0,355.0,904.0,1221.0,23.0,92.0,20.0,336.0,165.0
0.0,0.0,0.0,4.0,4.0,15.0,2.0,18.0,4.0,11.0,9.0,15.0,17.0,5.0,8.0,0.0,1.0,3.0,1.0,7.0,3.0,1.0,2.0,10.0,2.0,9.0,12.0,19.0,3.0,0.0,3.0,10.0,0.0,1.0,49.0,10.0,3.0,6.0,1.0,13.0,2.0,4.0,14.0,7.0,6.0,2.0,51.0,2.0,1.0,0.0,0.0,1.0,2.0,7.0,43.0,21.0,194.0,2.0,41.0,10.0,9.0,15.0,25.0,0.0,0.0,0.0,10.0,4.0,5.0,2.0,0.0,5.0,11.0,2.0,21.0,13.0,34.0,6.0,1.0,6.0,11.0,0.0,5.0,169.0
0.0,2.0,1.0,0.0,0.0,1.0,1.0,2.0,4.0,1.0,1.0,1.0,4.0,0.0,0.0,11.0,1.0,0.0,0.0,0.0,5.0,15.0,8.0,30.0,1.0,4.0,36.0,22.0,0.0,0.0,1.0,1.0,0.0,0.0,4.0,3.0,1.0,0.0,0.0,1.0,0.0,0.0,6.0,1.0,0.0,0.0,1.0,0.0,0.0,0.0,1.0,3.0,1.0,0.0,0.0,2.0,4.0,1.0,3.0,1.0,0.0,2.0,1.0,0.0,0.0,0.0,0.0,0.0,1.0,15.0,7.0,20.0,23.0,0.0,6.0,40.0,43.0,0.0,1.0,1.0,0.0,0.0,0.0,4.0
0.0,0.0,2.0,0.0,0.0,0.0,0.0,0.0,0.0,0.0,0.0,0.0,1.0,0.0,0.0,0.0,3.0,0.0,1.0,0.0,0.0,0.0,2.0,0.0,0.0,9.0,5.0,1.0,0.0,0.0,0.0,0.0,0.0,0.0,1.0,4.0,1.0,1.0,1.0,0.0,0.0,0.0,5.0,2.0,9.0,1.0,4.0,1.0,0.0,0.0,0.0,66.0,0.0,0.0,2.0,22.0,25.0,0.0,3.0,19.0,0.0,2.0,54.0,0.0,0.0,0.0,17.0,225.0,0.0,18.0,0.0,186.0,0.0,0.0,202.0,44.0,8.0,77.0,39.0,1.0,6.0,2.0,59.0,4.0
0.0,0.0,1.0,2.0,2.0,9.0,2.0,7.0,2.0,7.0,7.0,8.0,10.0,4.0,4.0,0.0,2.0,5.0,6.0,6.0,2.0,0.0,3.0,4.0,1.0,23.0,11.0,12.0,3.0,0.0,3.0,4.0,0.0,1.0,25.0,15.0,4.0,5.0,1.0,7.0,0.0,3.0,56.0,16.0,34.0,9.0,39.0,7.0,2.0,5.0,0.0,7.0,1.0,6.0,23.0,42.0,197.0,1.0,50.0,307.0,6.0,38.0,177.0,10.0,0.0,17.0,0.0,353.0,2.0,22.0,0.0,27.0,5.0,1.0,330.0,32.0,60.0,105.0,52.0,16.0,36.0,2.0,76.0,42.0
0.0,0.0,5.0,1.0,1.0,7.0,1.0,7.0,1.0,4.0,6.0,7.0,12.0,5.0,3.0,0.0,25.0,11.0,20.0,2.0,2.0,1.0,6.0,4.0,1.0,85.0,49.0,10.0,5.0,1.0,3.0,4.0,0.0,1.0,20.0,31.0,11.0,7.0,3.0,5.0,1.0,2.0,65.0,26.0,57.0,10.0,29.0,4.0,4.0,9.0,1.0,93.0,0.0,2.0,11.0,80.0,133.0,0.0,31.0,127.0,3.0,13.0,236.0,4.0,0.0,225.0,353.0,0.0,1.0,43.0,0.0,222.0,3.0,2.0,910.0,192.0,57.0,194.0,103.0,8.0,16.0,4.0,177.0,33.0
0.0,0.0,1.0,12.0,5.0,32.0,3.0,46.0,10.0,47.0,9.0,59.0,9.0,8.0,14.0,0.0,1.0,4.0,1.0,35.0,2.0,2.0,1.0,26.0,1.0,11.0,9.0,38.0,2.0,0.0,3.0,13.0,0.0,1.0,121.0,6.0,1.0,3.0,0.0,13.0,1.0,1.0,5.0,2.0,2.0,0.0,7.0,0.0,0.0,0.0,0.0,1.0,10.0,1.0,8.0,9.0,53.0,4.0,114.0,3.0,16.0,5.0,8.0,5.0,1.0,0.0,2.0,1.0,0.0,1.0,1.0,2.0,26.0,0.0,8.0,12.0,39.0,1.0,0.0,2.0,2.0,0.0,2.0,93.0
0.0,0.0,2.0,1.0,0.0,4.0,1.0,5.0,2.0,3.0,3.0,3.0,8.0,2.0,1.0,6.0,1.0,1.0,1.0,2.0,15.0,4.0,10.0,26.0,1.0,7.0,19.0,31.0,1.0,1.0,1.0,3.0,0.0,0.0,12.0,22.0,2.0,2.0,0.0,4.0,0.0,1.0,29.0,8.0,27.0,4.0,40.0,3.0,1.0,5.0,0.0,49.0,1.0,1.0,5.0,235.0,65.0,1.0,11.0,20.0,2.0,7.0,152.0,2.0,15.0,18.0,22.0,43.0,1.0,0.0,3.0,745.0,24.0,2.0,58.0,60.0,302.0,265.0,580.0,5.0,8.0,15.0,63.0,20.0
0.0,0.0,1.0,0.0,0.0,0.0,0.0,1.0,3.0,1.0,0.0,2.0,2.0,0.0,0.0,4.0,1.0,0.0,0.0,0.0,3.0,21.0,2.0,18.0,0.0,1.0,18.0,13.0,0.0,0.0,1.0,0.0,0.0,0.0,2.0,1.0,0.0,0.0,0.0,0.0,0.0,0.0,1.0,1.0,0.0,0.0,0.0,0.0,0.0,0.0,1.0,1.0,0.0,0.0,0.0,1.0,4.0,1.0,1.0,0.0,0.0,2.0,0.0,0.0,7.0,0.0,0.0,0.0,1.0,3.0,0.0,5.0,15.0,1.0,3.0,29.0,14.0,0.0,0.0,1.0,0.0,0.0,0.0,5.0
0.0,0.0,27.0,1.0,1.0,7.0,3.0,10.0,4.0,3.0,7.0,5.0,19.0,5.0,2.0,11.0,9.0,3.0,4.0,2.0,32.0,9.0,58.0,29.0,2.0,33.0,47.0,29.0,6.0,3.0,3.0,4.0,0.0,2.0,19.0,44.0,9.0,6.0,2.0,8.0,1.0,5.0,86.0,29.0,32.0,7.0,57.0,7.0,4.0,2.0,1.0,341.0,0.0,1.0,12.0,215.0,101.0,1.0,13.0,29.0,3.0,18.0,158.0,5.0,20.0,186.0,27.0,222.0,2.0,745.0,5.0,0.0,19.0,1.0,390.0,257.0,210.0,196.0,287.0,10.0,11.0,11.0,74.0,33.0
0.0,4.0,2.0,24.0,7.0,38.0,10.0,35.0,50.0,36.0,14.0,56.0,31.0,9.0,17.0,20.0,1.0,3.0,2.0,34.0,12.0,38.0,9.0,228.0,8.0,28.0,82.0,179.0,5.0,1.0,9.0,12.0,0.0,2.0,118.0,18.0,4.0,6.0,2.0,20.0,2.0,4.0,12.0,6.0,2.0,1.0,17.0,1.0,1.0,0.0,4.0,3.0,19.0,2.0,14.0,90.0,76.0,15.0,86.0,8.0,23.0,20.0,16.0,11.0,23.0,0.0,5.0,3.0,26.0,24.0,15.0,19.0,0.0,4.0,28.0,91.0,360.0,3.0,2.0,9.0,3.0,0.0,3.0,107.0
0.0,4.0,0.0,0.0,1.0,3.0,0.0,4.0,1.0,2.0,10.0,3.0,56.0,1.0,1.0,0.0,1.0,1.0,1.0,1.0,1.0,2.0,1.0,5.0,36.0,20.0,87.0,5.0,0.0,0.0,18.0,3.0,0.0,1.0,7.0,5.0,1.0,3.0,1.0,3.0,1.0,3.0,6.0,4.0,4.0,2.0,4.0,1.0,1.0,0.0,2.0,1.0,0.0,1.0,2.0,1.0,11.0,0.0,4.0,6.0,1.0,45.0,3.0,2.0,0.0,0.0,1.0,2.0,0.0,2.0,1.0,1.0,4.0,0.0,19.0,87.0,6.0,1.0,0.0,18.0,2.0,0.0,2.0,8.0
0.0,11.0,36.0,7.0,7.0,36.0,9.0,33.0,7.0,28.0,38.0,36.0,87.0,19.0,13.0,5.0,137.0,48.0,119.0,13.0,18.0,7.0,39.0,29.0,21.0,500.0,419.0,54.0,31.0,4.0,68.0,22.0,0.0,13.0,80.0,116.0,54.0,47.0,19.0,28.0,3.0,12.0,227.0,102.0,69.0,32.0,58.0,8.0,17.0,9.0,7.0,610.0,3.0,7.0,28.0,166.0,337.0,2.0,107.0,290.0,16.0,89.0,247.0,21.0,6.0,202.0,330.0,910.0,8.0,58.0,3.0,390.0,28.0,19.0,0.0,1429.0,149.0,126.0,77.0,181.0,31.0,2.0,74.0,126.0
0.0,114.0,43.0,9.0,7.0,37.0,11.0,35.0,24.0,29.0,62.0,36.0,209.0,27.0,15.0,25.0,98.0,29.0,69.0,17.0,27.0,83.0,63.0,124.0,147.0,554.0,1463.0,123.0,41.0,3.0,143.0,26.0,0.0,12.0,95.0,84.0,48.0,41.0,17.0,33.0,5.0,19.0,138.0,51.0,45.0,16.0,41.0,9.0,6.0,2.0,58.0,480.0,6.0,4.0,22.0,33.0,143.0,5.0,69.0,71.0,16.0,186.0,94.0,13.0,40.0,44.0,32.0,192.0,12.0,60.0,29.0,257.0,91.0,87.0,1429.0,0.0,185.0,101.0,26.0,203.0,14.0,1.0,44.0,120.0
0.0,5.0,4.0,43.0,15.0,78.0,44.0,76.0,56.0,138.0,31.0,117.0,48.0,28.0,43.0,26.0,6.0,11.0,7.0,79.0,63.0,36.0,15.0,243.0,7.0,64.0,101.0,589.0,12.0,6.0,13.0,31.0,0.0,5.0,223.0,65.0,11.0,17.0,4.0,55.0,5.0,10.0,62.0,17.0,32.0,13.0,90.0,8.0,4.0,4.0,4.0,27.0,35.0,8.0,53.0,1497.0,385.0,15.0,523.0,70.0,34.0,44.0,355.0,34.0,43.0,8.0,60.0,57.0,39.0,302.0,14.0,210.0,360.0,6.0,149.0,185.0,0.0,170.0,361.0,24.0,24.0,2.0,34.0,303.0
0.0,0.0,3.0,2.0,1.0,6.0,1.0,5.0,2.0,6.0,5.0,6.0,12.0,2.0,2.0,1.0,7.0,2.0,4.0,3.0,3.0,0.0,3.0,4.0,1.0,17.0,14.0,13.0,3.0,1.0,2.0,4.0,0.0,1.0,17.0,13.0,3.0,5.0,1.0,4.0,1.0,3.0,22.0,11.0,145.0,8.0,84.0,13.0,2.0,54.0,0.0,41.0,1.0,6.0,26.0,164.0,386.0,1.0,49.0,175.0,4.0,27.0,904.0,6.0,0.0,77.0,105.0,194.0,1.0,265.0,0.0,196.0,3.0,1.0,126.0,101.0,170.0,0.0,672.0,8.0,67.0,35.0,367.0,27.0
0.0,0.0,0.0,0.0,0.0,1.0,0.0,1.0,0.0,1.0,1.0,1.0,3.0,1.0,1.0,0.0,1.0,0.0,1.0,0.0,1.0,0.0,1.0,2.0,0.0,3.0,3.0,8.0,0.0,0.0,0.0,1.0,0.0,0.0,3.0,5.0,1.0,1.0,0.0,1.0,0.0,0.0,7.0,3.0,65.0,2.0,28.0,4.0,1.0,53.0,0.0,13.0,0.0,0.0,8.0,1175.0,246.0,0.0,33.0,48.0,0.0,4.0,1221.0,1.0,1.0,39.0,52.0,103.0,0.0,580.0,0.0,287.0,2.0,0.0,77.0,26.0,361.0,672.0,0.0,3.0,22.0,22.0,154.0,11.0
0.0,6.0,6.0,3.0,5.0,13.0,3.0,12.0,3.0,12.0,41.0,12.0,124.0,6.0,6.0,1.0,6.0,16.0,9.0,6.0,5.0,3.0,4.0,10.0,34.0,91.0,151.0,20.0,7.0,1.0,73.0,15.0,0.0,4.0,30.0,33.0,14.0,17.0,8.0,18.0,4.0,9.0,45.0,14.0,9.0,6.0,14.0,3.0,2.0,1.0,3.0,6.0,1.0,3.0,8.0,8.0,53.0,1.0,22.0,56.0,4.0,89.0,23.0,6.0,1.0,1.0,16.0,8.0,2.0,5.0,1.0,10.0,9.0,18.0,181.0,203.0,24.0,8.0,3.0,0.0,6.0,0.0,10.0,31.0
0.0,0.0,1.0,2.0,3.0,7.0,1.0,6.0,1.0,4.0,7.0,8.0,11.0,2.0,3.0,0.0,1.0,2.0,1.0,4.0,0.0,0.0,2.0,3.0,2.0,7.0,8.0,9.0,1.0,0.0,2.0,5.0,0.0,1.0,18.0,8.0,2.0,5.0,2.0,7.0,0.0,4.0,8.0,3.0,17.0,3.0,31.0,14.0,2.0,1.0,0.0,1.0,0.0,5.0,17.0,21.0,143.0,1.0,26.0,68.0,4.0,35.0,92.0,11.0,0.0,6.0,36.0,16.0,2.0,8.0,0.0,11.0,3.0,2.0,31.0,14.0,24.0,67.0,22.0,6.0,0.0,2.0,57.0,31.0
0.0,0.0,0.0,0.0,0.0,0.0,0.0,0.0,0.0,0.0,0.0,0.0,0.0,0.0,0.0,0.0,0.0,0.0,0.0,0.0,0.0,0.0,0.0,0.0,0.0,0.0,0.0,0.0,0.0,0.0,0.0,0.0,0.0,0.0,0.0,0.0,0.0,0.0,0.0,0.0,0.0,0.0,0.0,0.0,10.0,0.0,2.0,0.0,0.0,1.0,0.0,0.0,0.0,0.0,1.0,2.0,10.0,0.0,0.0,2.0,0.0,0.0,20.0,0.0,0.0,2.0,2.0,4.0,0.0,15.0,0.0,11.0,0.0,0.0,2.0,1.0,2.0,35.0,22.0,0.0,2.0,0.0,20.0,0.0
0.0,0.0,2.0,1.0,3.0,6.0,3.0,6.0,1.0,6.0,8.0,7.0,16.0,3.0,2.0,0.0,3.0,3.0,2.0,2.0,2.0,0.0,4.0,4.0,2.0,14.0,10.0,12.0,2.0,0.0,3.0,6.0,0.0,3.0,19.0,11.0,3.0,6.0,2.0,7.0,2.0,6.0,15.0,7.0,101.0,22.0,36.0,10.0,4.0,11.0,0.0,13.0,0.0,6.0,16.0,44.0,185.0,0.0,24.0,123.0,1.0,18.0,336.0,5.0,0.0,59.0,76.0,177.0,2.0,63.0,0.0,74.0,3.0,2.0,74.0,44.0,34.0,367.0,154.0,10.0,57.0,20.0,0.0,25.0
1.0,3.0,9.0,48.0,57.0,272.0,29.0,357.0,70.0,316.0,70.0,444.0,78.0,57.0,132.0,4.0,7.0,26.0,12.0,145.0,23.0,8.0,18.0,118.0,9.0,106.0,91.0,227.0,23.0,3.0,23.0,89.0,0.0,14.0,1906.0,89.0,21.0,50.0,9.0,122.0,8.0,22.0,88.0,34.0,25.0,7.0,133.0,8.0,7.0,1.0,2.0,12.0,35.0,24.0,433.0,182.0,1377.0,39.0,1253.0,49.0,253.0,69.0,165.0,169.0,4.0,4.0,42.0,33.0,93.0,20.0,5.0,33.0,107.0,8.0,126.0,120.0,303.0,27.0,11.0,31.0,31.0,0.0,25.0,0.0
