0,0,0,0,0,0,24,71,0,31,3,3,7,312,1,0,2,3,7,0,14,0,5,0,0,7,2,2,79,91,0,3,16,13,1,2,3,10,1,0,0,0,0,1,0,0,0,0,0,0,0,0,0,0,0,1,1,0,0,1,0,2,0,0,0,0,0,1,0,0,0,0,0,0,1,0,0,0,0,0,0,0,0,1
0,0,0,0,0,0,0,0,0,0,0,2,5,1,0,1,0,0,0,0,0,0,0,1,1,11,20,3,0,0,1,2,0,1,1,2,7,1,0,2,1,0,1,2,1,0,1,0,0,0,1,0,0,0,0,0,2,0,2,2,0,8,0,0,1,0,0,1,0,0,0,0,1,2,15,29,4,1,0,4,0,0,0,1
0,0,0,0,2,4,52,105,0,6,3,5,6,5,0,0,83,5,32,1,96,1,380,5,0,720,334,45,7,49,3,7,0,6,11,42,9,14,11,2,0,0,6,4,2,8,3,1,0,0,0,11,0,0,1,1,7,0,1,1,0,5,3,0,1,0,0,0,2,3,0,6,2,1,17,31,3,0,0,2,0,0,1,6
0,0,0,0,0,7,63,12,8,81,3,26,9,3,2,0,0,0,0,23,0,0,3,42,1,2,10,62,0,1,0,9,0,0,12,9,3,0,0,25,1,3,6,5,0,3,8,1,1,0,0,1,5,10,9,12,55,0,71,9,8,7,10,3,0,0,6,1,8,1,1,2,14,0,18,11,41,7,1,3,6,0,2,27
0,0,2,0,0,31,1,17,6,12,9,25,22,10,5,0,0,2,1,8,16,0,10,9,2,8,15,18,0,0,2,25,0,5,34,12,6,7,3,28,5,2,9,4,5,0,5,0,1,0,0,0,1,0,9,3,43,1,25,0,0,1,4,4,0,0,0,1,7,4,0,2,12,0,12,8,28,2,1,1,4,0,8,22
0,0,4,7,31,0,24,532,25,428,23,384,70,94,53,3,3,7,3,78,21,2,13,86,1,35,38,104,16,2,8,176,0,25,671,88,35,26,25,180,11,7,33,14,5,1,17,1,3,0,0,3,6,10,77,11,191,0,211,10,17,17,26,13,0,0,5,19,75,4,0,9,12,4,64,60,77,8,2,11,17,0,10,367
24,0,52,63,1,24,0,571,2,840,10,7,12,680,0,0,30,5,30,21,251,0,227,75,1,152,128,940,156,1047,3,27,0,46,35,9,4,9,0,6,1,2,5,3,2,0,4,0,0,0,0,1,0,3,1,3,12,0,22,3,1,6,4,0,0,0,1,1,1,6,0,6,9,0,10,22,26,3,1,1,1,0,1,7
71,0,105,12,17,532,571,0,12,932,51,408,76,1153,71,0,94,50,169,54,71,0,64,66,4,455,135,111,171,158,10,461,0,61,774,57,32,49,23,142,23,12,28,10,3,2,15,0,2,0,0,2,8,6,34,9,131,4,173,10,14,12,15,4,1,0,3,2,39,23,0,10,25,2,42,45,83,6,1,6,13,0,9,183
0,0,0,8,6,25,2,12,0,14,1,37,13,6,12,0,1,0,0,26,1,5,2,70,1,3,15,73,3,0,2,20,0,1,45,9,4,1,0,17,0,2,5,7,1,0,6,1,2,0,0,1,12,5,12,7,42,4,94,2,18,7,13,3,2,0,0,2,15,2,5,5,43,0,8,24,62,3,0,0,9,0,1,54
31,0,6,81,12,428,840,932,14,0,22,568,54,619,55,0,36,15,33,285,6,0,13,55,0,163,70,283,101,25,13,272,1,32,652,21,3,34,4,68,2,6,10,8,3,1,5,2,0,1,0,4,6,11,28,51,100,4,339,16,10,16,33,8,0,0,2,2,25,7,0,2,28,2,30,31,139,16,3,9,13,0,6,148
3,0,3,3,9,23,10,51,1,22,0,74,209,52,19,0,22,157,76,7,7,1,19,4,3,246,63,46,136,9,25,202,1,122,44,32,29,143,16,43,6,16,26,10,4,5,13,4,6,1,0,5,3,2,23,5,51,0,39,25,5,57,10,9,0,0,6,2,4,3,0,3,3,7,30,38,23,3,2,23,12,0,12,23
3,2,5,26,25,384,7,408,37,568,74,0,168,161,81,2,24,17,26,233,13,5,14,86,8,89,74,152,63,4,23,188,0,44,726,141,47,54,12,172,7,13,37,24,10,4,50,2,9,1,2,6,10,29,110,60,375,12,629,33,44,27,79,30,0,0,13,11,48,8,0,13,51,7,89,69,186,16,2,13,52,0,11,471
7,5,6,9,22,70,12,76,13,54,209,168,0,78,23,4,9,93,44,27,10,6,26,18,46,188,303,131,93,5,103,153,0,59,36,228,113,88,76,90,14,48,119,76,25,5,54,5,24,0,0,12,19,15,52,25,229,1,117,114,10,228,52,38,4,2,25,12,18,19,2,31,37,38,183,332,69,7,7,161,28,0,37,93
312,1,5,3,10,94,680,1153,6,619,52,161,78,0,23,0,189,50,176,13,99,1,109,16,2,130,103,80,1219,474,10,218,11,157,124,37,37,101,3,84,6,2,24,6,0,1,6,3,2,0,0,3,3,1,16,2,53,2,52,13,12,14,6,11,0,0,6,1,12,18,0,10,8,3,30,63,29,2,1,5,10,0,7,56
1,0,0,2,5,53,0,71,12,55,19,81,23,23,0,2,2,0,3,17,8,1,5,30,2,16,19,29,6,0,16,51,0,2,119,49,19,18,2,73,2,3,28,20,3,0,9,0,2,0,0,1,6,6,28,5,91,1,68,4,5,5,11,10,0,0,1,0,18,10,1,6,12,1,40,17,41,1,0,6,9,0,1,94
0,1,0,0,0,3,0,0,0,0,0,2,4,0,2,0,1,0,0,0,20,9,18,15,4,4,15,45,1,1,0,2,0,2,1,12,2,3,3,2,0,0,8,8,1,2,1,0,0,0,0,1,1,0,0,0,2,0,7,2,0,0,0,0,9,0,0,0,1,9,3,26,9,0,5,33,18,1,0,1,0,0,0,5
2,0,83,0,0,3,30,94,1,36,22,24,9,189,2,1,0,87,291,2,84,0,367,1,0,700,384,13,227,105,1,16,3,150,7,11,36,63,8,3,3,2,5,1,0,1,0,1,1,0,0,7,1,1,0,3,3,0,8,1,1,1,0,0,0,0,3,4,1,0,0,18,0,0,80,86,7,2,1,1,3,0,1,4
3,0,5,0,2,7,5,50,0,15,157,17,93,50,0,0,87,0,166,3,17,0,41,0,1,602,236,23,112,12,9,76,2,133,15,17,6,96,14,6,1,1,4,1,1,2,2,2,2,0,0,3,2,1,1,4,8,0,10,3,2,14,2,0,0,0,0,0,2,4,0,3,1,1,120,73,8,2,0,2,3,0,1,6
7,0,32,0,1,3,30,169,0,33,76,26,44,176,3,0,291,166,0,5,73,0,112,5,0,469,358,36,387,57,4,71,18,312,15,24,37,387,10,6,4,4,19,9,0,2,3,0,0,0,1,6,1,0,2,6,5,0,12,0,1,6,1,1,0,0,3,3,3,3,0,6,3,0,266,113,18,0,0,3,1,0,3,6
0,0,1,23,8,78,21,54,26,285,7,233,27,13,17,0,2,3,5,0,1,0,5,66,1,18,26,73,6,0,0,38,0,6,73,5,10,8,0,37,1,4,13,6,0,5,18,1,3,2,0,2,9,7,19,13,127,1,177,15,19,16,31,10,0,0,8,1,36,2,0,5,35,0,31,21,55,9,0,7,36,0,3,106
14,0,96,0,16,21,251,71,1,6,7,13,10,99,8,20,84,17,73,1,0,10,883,61,1,201,109,317,264,833,6,55,12,188,12,40,25,72,18,21,10,8,22,4,0,0,4,3,0,0,0,3,2,1,3,3,18,0,15,3,3,8,0,3,8,0,2,2,6,11,2,56,6,0,27,24,58,0,1,5,5,0,2,17
0,0,1,0,0,2,0,0,5,0,1,5,6,1,1,9,0,0,0,0,10,0,12,51,2,6,17,133,1,2,0,1,0,0,5,7,1,1,0,2,0,0,5,6,0,2,0,0,1,0,1,0,8,0,0,2,2,0,12,1,1,5,0,1,9,0,0,0,6,6,4,17,42,0,6,57,41,0,1,0,1,0,3,6
5,0,380,3,10,13,227,64,2,13,19,14,26,109,5,18,367,41,112,5,883,12,0,37,1,719,521,317,191,828,14,35,9,192,20,63,70,82,34,18,7,6,32,17,5,3,4,1,1,0,0,9,3,1,5,4,21,1,16,2,1,15,3,3,11,0,2,1,6,16,2,75,21,1,54,72,40,0,1,1,1,0,4,9
0,1,5,42,9,86,75,66,70,55,4,86,18,16,30,15,1,0,5,66,61,51,37,0,4,36,122,531,4,2,5,49,0,5,89,43,43,16,5,45,7,4,65,18,3,0,9,2,1,0,3,2,21,6,23,12,76,13,115,10,11,19,24,8,25,0,2,9,42,37,8,39,170,3,30,142,234,18,4,4,15,0,4,113
0,1,0,1,2,1,1,4,1,0,3,8,46,2,2,4,0,1,0,1,1,2,1,4,0,14,60,10,1,0,10,6,0,1,4,8,10,3,4,3,1,3,7,5,0,0,3,0,1,0,0,0,0,0,5,2,9,0,21,9,0,42,1,3,1,0,1,0,1,0,1,2,10,5,15,65,4,1,0,12,1,0,0,13
7,11,720,2,8,35,152,455,3,163,246,89,188,130,16,4,700,602,469,18,201,6,719,36,14,0,1811,138,229,70,202,121,5,160,86,130,94,126,43,34,8,30,53,49,10,9,17,1,7,0,2,45,3,3,10,19,67,2,42,33,5,60,12,9,4,23,4,51,10,15,3,46,26,11,476,676,61,8,2,42,10,0,9,43
2,20,334,10,15,38,128,135,15,70,63,74,303,103,19,15,384,236,358,26,109,17,521,122,60,1811,0,288,160,24,155,106,7,92,64,256,130,209,88,54,5,27,130,106,19,31,41,6,7,0,11,117,22,4,27,29,123,6,118,87,17,145,27,16,17,6,13,20,21,21,6,100,107,31,549,1477,137,17,6,117,13,0,17,88
2,3,45,62,18,104,940,111,73,283,46,152,131,80,29,45,13,23,36,73,317,133,317,531,10,138,288,0,109,417,40,87,4,89,122,151,131,37,29,45,20,19,217,55,24,2,37,0,7,1,4,14,11,6,41,70,165,15,213,35,23,44,63,21,12,1,10,27,29,34,15,65,285,5,115,243,404,44,16,17,40,0,30,182
79,0,7,0,0,16,156,171,3,101,136,63,93,1219,6,1,227,112,387,6,264,1,191,4,1,229,160,109,0,765,16,165,35,753,16,14,33,352,16,9,1,2,4,2,0,0,2,0,0,0,0,1,4,1,10,8,19,0,31,4,14,7,3,1,0,0,2,0,13,3,0,17,2,1,26,71,29,2,2,1,6,0,1,16
91,0,49,1,0,2,1047,158,0,25,9,4,5,474,0,1,105,12,57,0,833,2,828,2,0,70,24,417,765,0,1,30,56,237,2,0,5,65,4,1,1,0,1,1,1,0,1,0,0,0,0,0,0,0,0,1,3,0,4,0,1,1,0,0,2,0,0,0,3,6,0,6,1,0,7,9,16,0,0,0,0,0,0,0
0,1,3,0,2,8,3,10,2,13,25,23,103,10,16,0,1,9,4,0,6,0,14,5,10,202,155,40,16,1,0,17,0,11,14,74,18,29,26,19,3,5,24,6,4,2,6,2,0,0,1,2,3,2,6,2,21,1,16,19,0,44,5,7,0,1,2,1,2,3,0,9,5,8,75,144,13,0,0,49,2,0,8,22
3,2,7,9,25,176,27,461,20,272,202,188,153,218,51,2,16,76,71,38,55,1,35,49,6,121,106,87,165,30,17,0,2,119,244,66,40,109,42,225,22,17,39,16,5,2,11,0,6,0,1,6,11,6,30,8,119,1,92,15,7,36,18,15,1,0,5,8,43,15,1,14,8,2,37,67,54,1,2,13,25,0,6,99
16,0,0,0,0,0,0,0,0,1,1,0,0,11,0,0,3,2,18,0,12,0,9,0,0,5,7,4,35,56,0,2,0,45,0,0,0,26,0,0,0,0,0,0,0,0,0,0,0,0,0,0,0,0,0,0,0,0,0,0,0,0,0,0,0,0,0,0,0,0,0,0,0,0,0,0,1,0,0,0,0,0,0,0
13,1,6,0,5,25,46,61,1,32,122,44,59,157,2,2,150,133,312,6,188,0,192,5,1,160,92,89,753,237,11,119,45,0,15,9,19,339,21,21,5,3,6,1,0,0,2,0,0,0,0,0,1,1,8,4,23,1,11,3,2,6,4,5,1,0,1,1,9,1,0,7,0,2,14,26,16,3,0,2,9,0,4,14
1,1,11,12,34,671,35,774,45,652,44,726,36,124,119,1,7,15,15,73,12,5,20,89,4,86,64,122,16,2,14,244,0,15,0,60,30,52,6,244,10,9,44,16,7,0,37,1,3,0,0,6,6,7,42,19,182,24,264,19,42,11,40,17,1,0,5,10,76,8,1,10,29,2,53,45,105,9,1,6,19,0,11,430
2,2,42,9,12,88,9,57,9,21,32,141,228,37,49,12,11,17,24,5,40,7,63,43,8,130,256,151,14,0,74,66,0,9,60,0,554,67,31,353,10,58,254,135,29,8,35,5,18,2,0,63,7,13,32,14,123,4,80,33,11,55,21,19,11,6,11,25,8,52,11,68,74,9,388,181,94,6,1,45,18,0,28,95
3,7,9,3,6,35,4,32,4,3,29,47,113,37,19,2,36,6,37,10,25,1,70,43,10,94,130,131,33,5,18,40,0,19,30,554,0,55,66,116,4,85,130,97,30,17,19,4,3,0,0,38,2,5,14,14,71,0,43,29,3,16,13,6,7,2,5,11,5,23,1,58,36,1,217,122,73,1,1,44,7,0,18,42
10,1,14,0,7,26,9,49,1,34,143,54,88,101,18,3,63,96,387,8,72,1,82,16,3,126,209,37,352,65,29,109,26,339,52,67,55,0,100,50,4,17,40,17,7,1,10,0,7,0,0,13,1,7,14,9,69,1,36,11,4,20,15,7,2,0,9,5,7,19,1,34,9,6,68,85,25,1,3,19,17,0,16,67
1,0,11,0,3,25,0,23,0,4,16,12,76,3,2,3,8,14,10,0,18,0,34,5,4,43,88,29,16,4,26,42,0,21,6,31,66,100,0,14,7,9,9,8,0,1,0,0,3,0,0,1,0,0,4,2,15,1,9,5,0,22,2,3,1,1,0,4,1,2,0,3,0,2,25,50,7,1,0,9,4,0,2,5
0,2,2,25,28,180,6,142,17,68,43,172,90,84,73,2,3,6,6,37,21,2,18,45,3,34,54,45,9,1,19,225,0,21,244,353,116,50,14,0,22,28,70,27,4,3,21,2,9,0,1,7,7,6,44,11,186,5,120,29,10,27,25,15,0,0,13,13,50,11,0,12,17,1,115,75,55,2,2,12,23,0,10,150
0,1,0,1,5,11,1,23,0,2,6,7,14,6,2,0,3,1,4,1,10,0,7,7,1,8,5,20,1,1,3,22,0,5,10,10,4,4,7,22,0,2,4,4,0,0,0,0,0,0,0,1,0,0,4,0,5,0,1,0,0,3,0,2,1,0,0,1,1,1,0,1,2,0,2,2,10,1,0,3,0,0,1,7
0,0,0,3,2,7,2,12,2,6,16,13,48,2,3,0,2,1,4,4,8,0,6,4,3,30,27,19,2,0,5,17,0,3,9,58,85,17,9,28,2,0,25,21,3,5,8,2,4,1,1,5,1,4,12,4,35,0,13,9,1,10,10,10,0,0,5,4,1,5,0,14,6,1,26,20,8,1,1,6,3,0,3,14
0,1,6,6,9,33,5,28,5,10,26,37,119,24,28,8,5,4,19,13,22,5,32,65,7,53,130,217,4,1,24,39,0,6,44,254,130,40,9,70,4,25,0,297,18,28,102,4,6,4,0,56,10,28,32,12,200,3,65,29,7,43,14,19,12,2,32,66,17,21,0,70,54,8,321,170,107,8,3,30,19,0,34,89
1,2,4,5,4,14,3,10,7,8,10,24,76,6,20,8,1,1,9,6,4,6,17,18,5,49,106,55,2,1,6,16,0,1,16,135,97,17,8,27,4,21,297,0,38,44,40,4,17,1,0,15,1,15,19,14,94,3,19,28,2,29,23,12,8,1,13,21,2,8,6,63,21,2,152,74,50,3,1,11,9,0,32,36
0,1,2,0,5,5,2,3,1,3,4,10,25,0,3,1,0,1,0,0,0,0,5,3,0,10,19,24,0,1,4,5,0,0,7,29,30,7,0,4,0,3,18,38,0,41,16,15,27,11,0,15,2,6,8,28,55,0,12,45,1,10,91,5,3,17,19,100,0,33,0,41,4,2,50,55,30,118,93,11,40,5,150,10
0,0,8,3,0,1,0,2,0,1,5,4,5,1,0,2,1,2,2,5,0,2,3,0,0,9,31,2,0,0,2,2,0,0,0,8,17,1,1,3,0,5,28,44,41,0,45,22,8,0,0,73,0,1,2,4,13,0,7,9,1,7,21,5,0,7,7,30,0,1,0,6,1,5,109,34,13,4,6,4,2,0,26,5
0,1,3,8,5,17,4,15,6,5,13,50,54,6,9,1,0,2,3,18,4,0,4,9,3,17,41,37,2,1,6,11,0,2,37,35,19,10,0,21,0,8,102,40,16,45,0,6,12,7,0,15,2,36,70,45,279,0,45,50,8,16,158,73,1,5,33,45,5,19,1,42,6,0,105,81,97,77,43,2,46,0,30,78
0,0,1,1,0,1,0,0,1,2,4,2,5,3,0,0,1,2,0,1,3,0,1,2,0,1,6,0,0,0,2,0,0,0,1,5,4,0,0,2,0,2,4,4,15,22,6,0,3,0,0,16,0,6,2,4,81,0,4,12,0,14,55,5,0,4,10,29,2,5,0,42,1,0,23,50,23,18,10,3,55,0,11,9
0,0,0,1,1,3,0,2,2,0,6,9,24,2,2,0,1,2,0,3,0,1,1,1,1,7,7,7,0,0,0,6,0,0,3,18,3,7,3,9,0,4,6,17,27,8,12,3,0,2,0,0,1,1,3,2,22,1,8,0,2,17,6,7,0,0,4,4,0,1,0,7,1,1,34,12,14,1,3,7,2,0,6,9
0,0,0,0,0,0,0,0,0,1,1,1,0,0,0,0,0,0,0,2,0,0,0,0,0,0,0,1,0,0,0,0,0,0,0,2,0,0,0,0,0,1,4,1,11,0,7,0,2,0,0,0,0,0,3,20,119,0,1,14,0,0,346,2,0,1,2,8,0,15,0,4,0,0,14,4,6,39,65,0,1,0,15,0
0,1,0,0,0,0,0,0,0,0,0,2,0,0,0,0,0,0,1,0,0,1,0,3,0,2,11,4,0,0,1,1,0,0,0,0,0,0,0,1,0,1,0,0,0,0,0,0,0,0,0,1,0,0,0,0,0,0,1,0,0,0,0,1,2,0,0,1,1,0,0,0,3,0,1,20,1,0,0,0,0,0,0,2
0,0,11,1,0,3,1,2,1,4,5,6,12,3,1,1,7,3,6,2,3,0,9,2,0,45,117,14,1,0,2,6,0,0,6,63,38,13,1,7,1,5,56,15,15,73,15,16,0,0,1,0,0,0,3,25,38,0,2,12,0,6,37,3,0,73,12,138,0,23,0,261,3,1,762,380,17,108,9,13,1,0,28,9
0,0,0,5,1,6,0,8,12,6,3,10,19,3,6,1,1,2,1,9,2,8,3,21,0,3,22,11,4,0,3,11,0,1,6,7,2,1,0,7,0,1,10,1,2,0,2,0,1,0,0,0,0,0,6,7,12,1,37,0,6,4,10,1,0,0,0,0,3,2,0,3,17,0,4,18,17,2,1,3,3,0,0,23
0,0,0,10,0,10,3,6,5,11,2,29,15,1,6,0,1,1,0,7,1,0,1,6,0,3,4,6,1,0,2,6,0,1,7,13,5,7,0,6,0,4,28,15,6,1,36,6,1,0,0,0,0,0,36,12,90,0,15,7,4,10,16,15,0,0,11,8,0,0,0,3,5,1,28,11,12,3,2,6,5,0,19,45
0,0,1,9,9,77,1,34,12,28,23,110,52,16,28,0,0,1,2,19,3,0,5,23,5,10,27,41,10,0,6,30,0,8,42,32,14,14,4,44,4,12,32,19,8,2,70,2,3,3,0,3,6,36,0,28,385,4,168,30,28,31,98,83,0,1,20,20,6,8,0,8,10,0,74,26,65,32,12,7,35,0,23,436
1,0,1,12,3,11,3,9,7,51,5,60,25,2,5,0,3,4,6,13,3,2,4,12,2,19,29,70,8,1,2,8,0,4,19,14,14,9,2,11,0,4,12,14,28,4,45,4,2,20,0,25,7,12,28,0,817,0,1345,114,6,11,1773,37,4,38,22,81,4,428,0,484,126,2,93,41,1400,351,1329,3,69,1,64,129
1,2,7,55,43,191,12,131,42,100,51,375,229,53,91,2,3,8,5,127,18,2,21,76,9,67,123,165,19,3,21,119,0,23,182,123,71,69,15,186,5,35,200,94,55,13,279,81,22,119,0,38,12,90,385,817,0,26,683,500,80,138,2868,210,10,59,178,119,47,85,2,112,81,12,420,164,365,323,329,38,212,3,183,1139
0,0,0,0,1,0,0,4,4,4,0,12,1,2,1,0,0,0,0,1,0,0,1,13,0,2,6,15,0,0,1,1,0,1,24,4,0,1,1,5,0,0,3,3,0,0,0,0,1,0,0,0,1,0,4,0,26,0,15,3,5,0,1,2,0,0,1,0,2,2,0,1,11,0,0,3,8,0,0,0,4,0,1,26
0,2,1,71,25,211,22,173,94,339,39,629,117,52,68,7,8,10,12,177,15,12,16,115,21,42,118,213,31,4,16,92,0,11,264,80,43,36,9,120,1,13,65,19,12,7,45,4,8,1,1,2,37,15,168,1345,683,15,0,66,152,39,492,43,4,1,45,50,95,28,4,50,129,3,222,107,520,37,14,13,75,1,26,1255
1,2,1,9,0,10,3,10,2,16,25,33,114,13,4,2,1,3,0,15,3,1,2,10,9,33,87,35,4,0,19,15,0,3,19,33,29,11,5,29,0,9,29,28,45,9,50,12,0,14,0,12,0,7,30,114,500,3,66,0,4,84,464,20,4,24,277,198,4,25,0,30,14,8,297,228,105,203,101,68,126,2,185,62
0,0,0,8,0,17,1,14,18,10,5,44,10,12,5,0,1,2,1,19,3,1,1,11,0,5,17,23,14,1,0,7,0,2,42,11,3,4,0,10,0,1,7,2,1,1,8,0,2,0,0,0,6,4,28,6,80,5,152,4,0,4,10,6,0,0,3,2,4,2,0,5,15,0,10,12,38,1,1,2,4,0,1,218
2,8,5,7,1,17,6,12,7,16,57,27,228,14,5,0,1,14,6,16,8,5,15,19,42,60,145,44,7,1,44,36,0,6,11,55,16,20,22,27,3,10,43,29,10,7,16,14,17,0,0,6,4,10,31,11,138,0,39,84,4,0,62,17,3,0,42,7,5,7,0,19,16,32,67,169,32,15,5,53,32,0,11,33
0,0,3,10,4,26,4,15,13,33,10,79,52,6,11,0,0,2,1,31,0,0,3,24,1,12,27,63,3,0,5,18,0,4,40,21,13,15,2,25,0,10,14,23,91,21,158,55,6,346,0,37,10,16,98,1773,2868,1,492,464,10,62,0,23,0,106,161,368,15,165,0,208,15,3,280,152,280,915,1335,12,148,8,317,137
0,0,0,3,4,13,0,4,3,8,9,30,38,11,10,0,0,0,1,10,3,1,3,8,3,9,16,21,1,0,7,15,0,5,17,19,6,7,3,15,2,10,19,12,5,5,73,5,7,2,1,3,1,15,83,37,210,2,43,20,6,17,23,0,2,0,11,7,2,1,0,6,11,2,33,44,45,4,2,6,4,0,7,126
0,1,1,0,0,0,0,1,2,0,0,0,4,0,0,9,0,0,0,0,8,9,11,25,1,4,17,12,0,2,0,1,0,1,1,11,7,2,1,0,1,0,12,8,3,0,1,0,0,0,2,0,0,0,0,4,10,0,4,4,0,3,0,2,0,0,0,0,0,26,0,25,19,1,4,17,37,1,2,0,0,0,1,7
0,0,0,0,0,0,0,0,0,0,0,0,2,0,0,0,0,0,0,0,0,0,0,0,0,23,6,1,0,0,1,0,0,0,0,6,2,0,1,0,0,0,2,1,17,7,5,4,0,1,0,73,0,0,1,38,59,0,1,24,0,0,106,0,0,0,67,237,0,11,0,348,0,0,282,96,11,79,61,1,9,2,37,2
0,0,0,6,0,5,1,3,0,2,6,13,25,6,1,0,3,0,3,8,2,0,2,2,1,4,13,10,2,0,2,5,0,1,5,11,5,9,0,13,0,5,32,13,19,7,33,10,4,2,0,12,0,11,20,22,178,1,45,277,3,42,161,11,0,67,0,399,2,4,0,28,4,2,391,40,111,65,29,11,40,0,31,23
1,1,0,1,1,19,1,2,2,2,2,11,12,1,0,0,4,0,3,1,2,0,1,9,0,51,20,27,0,0,1,8,0,1,10,25,11,5,4,13,1,4,66,21,100,30,45,29,4,8,1,138,0,8,20,81,119,0,50,198,2,7,368,7,0,237,399,0,0,37,0,329,2,2,827,258,136,176,105,3,29,0,119,13
0,0,2,8,7,75,1,39,15,25,4,48,18,12,18,1,1,2,3,36,6,6,6,42,1,10,21,29,13,3,2,43,0,9,76,8,5,7,1,50,1,1,17,2,0,0,5,2,0,0,1,0,3,0,6,4,47,2,95,4,4,5,15,2,0,0,2,0,0,1,1,1,18,0,8,20,30,7,1,1,7,0,2,104
0,0,3,1,4,4,6,23,2,7,3,8,19,18,10,9,0,4,3,2,11,6,16,37,0,15,21,34,3,6,3,15,0,1,8,52,23,19,2,11,1,5,21,8,33,1,19,5,1,15,0,23,2,0,8,428,85,2,28,25,2,7,165,1,26,11,4,37,1,0,3,782,45,0,48,56,405,282,558,6,42,19,65,65
0,0,0,1,0,0,0,0,5,0,0,0,2,0,1,3,0,0,0,0,2,4,2,8,1,3,6,15,0,0,0,1,0,0,1,11,1,1,0,0,0,0,0,6,0,0,1,0,0,0,0,0,0,0,0,0,2,0,4,0,0,0,0,0,0,0,0,0,1,3,0,7,15,1,2,18,38,0,0,0,1,0,0,4
0,0,6,2,2,9,6,10,5,2,3,13,31,10,6,26,18,3,6,5,56,17,75,39,2,46,100,65,17,6,9,14,0,7,10,68,58,34,3,12,1,14,70,63,41,6,42,42,7,4,0,261,3,3,8,484,112,1,50,30,5,19,208,6,25,348,28,329,1,782,7,0,42,2,489,369,292,211,305,4,29,23,67,60
0,1,2,14,12,12,9,25,43,28,3,51,37,8,12,9,0,1,3,35,6,42,21,170,10,26,107,285,2,1,5,8,0,0,29,74,36,9,0,17,2,6,54,21,4,1,6,1,1,0,3,3,17,5,10,126,81,11,129,14,15,16,15,11,19,0,4,2,18,45,15,42,0,6,41,120,518,3,17,3,21,0,3,90
0,2,1,0,0,4,0,2,0,2,7,7,38,3,1,0,0,1,0,0,0,0,1,3,5,11,31,5,1,0,8,2,0,2,2,9,1,6,2,1,0,1,8,2,2,5,0,0,1,0,0,1,0,1,0,2,12,0,3,8,0,32,3,2,1,0,2,2,0,0,1,2,6,0,18,28,3,3,0,1,0,0,3,4
1,15,17,18,12,64,10,42,8,30,30,89,183,30,40,5,80,120,266,31,27,6,54,30,15,476,549,115,26,7,75,37,0,14,53,388,217,68,25,115,2,26,321,152,50,109,105,23,34,14,1,762,4,28,74,93,420,0,222,297,10,67,280,33,4,282,391,827,8,48,2,489,41,18,0,1578,204,176,108,165,49,2,119,140
0,29,31,11,8,60,22,45,24,31,38,69,332,63,17,33,86,73,113,21,24,57,72,142,65,676,1477,243,71,9,144,67,0,26,45,181,122,85,50,75,2,20,170,74,55,34,81,50,12,4,20,380,18,11,26,41,164,3,107,228,12,169,152,44,17,96,40,258,20,56,18,369,120,28,1578,0,194,154,40,190,24,1,102,95
0,4,3,41,28,77,26,83,62,139,23,186,69,29,41,18,7,8,18,55,58,41,40,234,4,61,137,404,29,16,13,54,1,16,105,94,73,25,7,55,10,8,107,50,30,13,97,23,14,6,1,17,17,12,65,1400,365,8,520,105,38,32,280,45,37,11,111,136,30,405,38,292,518,3,204,194,0,237,589,10,164,2,84,270
0,1,0,7,2,8,3,6,3,16,3,16,7,2,1,1,2,2,0,9,0,0,0,18,1,8,17,44,2,0,0,1,0,3,9,6,1,1,1,2,1,1,8,3,118,4,77,18,1,39,0,108,2,3,32,351,323,0,37,203,1,15,915,4,1,79,65,176,7,282,0,211,3,3,176,154,237,0,881,4,149,23,342,23
0,0,0,1,1,2,1,1,0,3,2,2,7,1,0,0,1,0,0,0,1,1,1,4,0,2,6,16,2,0,0,2,0,0,1,1,1,3,0,2,0,1,3,1,93,6,43,10,3,65,0,9,1,2,12,1329,329,0,14,101,1,5,1335,2,2,61,29,105,1,558,0,305,17,0,108,40,589,881,0,0,43,22,162,8
0,4,2,3,1,11,1,6,0,9,23,13,161,5,6,1,1,2,3,7,5,0,1,4,12,42,117,17,1,0,49,13,0,2,6,45,44,19,9,12,3,6,30,11,11,4,2,3,7,0,0,13,3,6,7,3,38,0,13,68,2,53,12,6,0,1,11,3,1,6,0,4,3,1,165,190,10,4,0,0,2,0,35,24
0,0,0,6,4,17,1,13,9,13,12,52,28,10,9,0,3,3,1,36,5,1,1,15,1,10,13,40,6,0,2,25,0,9,19,18,7,17,4,23,0,3,19,9,40,2,46,55,2,1,0,1,3,5,35,69,212,4,75,126,4,32,148,4,0,9,40,29,7,42,1,29,21,0,49,24,164,149,43,2,0,3,128,71
0,0,0,0,0,0,0,0,0,0,0,0,0,0,0,0,0,0,0,0,0,0,0,0,0,0,0,0,0,0,0,0,0,0,0,0,0,0,0,0,0,0,0,0,5,0,0,0,0,0,0,0,0,0,0,1,3,0,1,2,0,0,8,0,0,2,0,0,0,19,0,23,0,0,2,1,2,23,22,0,3,0,7,0
0,0,1,2,8,10,1,9,1,6,12,11,37,7,1,0,1,1,3,3,2,3,4,4,0,9,17,30,1,0,8,6,0,4,11,28,18,16,2,10,1,3,34,32,150,26,30,11,6,15,0,28,0,19,23,64,183,1,26,185,1,11,317,7,1,37,31,119,2,65,0,67,3,3,119,102,84,342,162,35,128,7,0,32
1,1,6,27,22,367,7,183,54,148,23,471,93,56,94,5,4,6,6,106,17,6,9,113,13,43,88,182,16,0,22,99,0,14,430,95,42,67,5,150,7,14,89,36,10,5,78,9,9,0,2,9,23,45,436,129,1139,26,1255,62,218,33,137,126,7,2,23,13,104,65,4,60,90,4,140,95,270,23,8,24,71,0,32,0
