1.0,-0.03948766315418379,0.06243822546977662,-0.02892564992111545,0.021804456959067495,0.10623408145484721,0.0032624382944439942,-0.11757388039154888,0.04567488028613753,-0.12989360745520231,0.002953411296802086,-0.08946078754039528,-0.041339412184299006,0.18756195771729353,0.024539423727923254,-0.12938147233968275,0.015022442927871181,0.024721748341505822,0.088434822281383,0.10027094017635517,-0.07176482699627366,0.09406844685982685,0.1521942574825045,-0.005483116865083282,-0.08171665519444553,-0.10132034047093684,0.07394727893436721,0.03175721618783527,0.23226402584350256,0.046959483423033875,-0.015491161691611783,0.05134606769962926,0.06726270621144419,-0.12459252509153755,-0.10064478081764221,0.08020420735426814,0.021294942511091253,-0.01948809351630321,0.006849019068667903,-0.10084318242073222,0.030940396338865046,-0.0014185818814512914,-0.07332583698088163,-0.016768429056132333,0.018910050275346025,0.02364934420148961,-0.06796204328696102,-0.003916676674408946,-3.1463323288449634e-05,0.09678771066318818,0.10647052320590811,0.006286663548696384,-0.015392923995015769,0.08082679603263891,-0.016506664207158413,-0.024209159953409887,-0.05161765411450026,-0.08706603093794962,0.07673997549791008,0.12173264219004432,0.05409049096373084,-0.07066161736745487,0.08882554153258854,-0.028921712186594565,0.0982197765656795,0.03389035749957569,-0.07996738531800028,0.020312045931041207,-0.033118990396049465,0.018385656008838413,-0.06124325128316863,-0.08249739311535471,-0.05945526882964306,0.019629729598740413,-0.0511083517940053,-0.08150677280427529,0.025372988410090096,0.08132215707898693,0.06269590959524332,0.09272642315763892,0.024322509109850024,0.011568832613350408,-0.15607471763266131,0.024100933666931626
-0.03948766315418379,1.0,-0.14342428111499758,0.08149321629206074,0.05934510077007574,0.04315931493625431,0.0539940045713207,0.052360007511580355,-0.08003889724407971,-0.010449364560880735,-0.03113395573266302,-0.0820008992971681,-0.07726623040410767,-0.04226026065086019,-0.0755950922382111,-0.0877445283437965,0.015242211161665907,-0.01880489809486423,0.01874605561295568,-0.11944906989743322,-0.0012548632251649764,0.05148278636257941,0.030779238412483284,0.044298574266387974,0.09585146745662676,0.03505125938432576,0.23354711916397974,-0.055233336540057326,0.05577783801066106,-0.06069978561986797,-0.10969357848501742,-0.11431901553082195,0.09768204870418083,-0.06385582063228466,-0.1134734990982178,0.05343095112908119,-0.053532305257498886,0.03370881719661405,0.030382480559402295,0.09339686794307751,-0.0673071499700023,0.011755050991548147,-0.06547945305409668,-0.022216743790030732,-0.03485557659494997,-0.00961940861741767,0.004896476808586255,0.11925490213428719,-0.014707457850364286,0.022069621593580096,0.6192516112777793,-0.006594228644508731,-0.01653978858075992,-0.0038891100881895888,-0.0951814609594772,-0.08746676469610448,0.08644034388727222,-0.0014347965468912746,0.03136910726687237,0.01202594657090382,0.09585734480488363,0.042317844420362793,-0.032381772570962114,-0.012684670409129843,0.04726752689081496,-0.006827146979944035,-0.04267854058649804,0.041733269927587004,0.0031158877095956,0.020026838207176337,-0.1301152208187822,-0.03413386556513245,0.010459751290792586,-0.036479604751163484,0.01332142945297688,-0.11476461973286446,0.07665122796129352,-0.03981929249045026,0.04973846345613676,-0.006876258611544723,-0.03811669073956689,-0.0841160006903624,0.06022560152104725,-0.03317465441368755
0.06243822546977662,-0.14342428111499758,1.0,0.0677564549758808,0.08540180478596021,-0.05777205097005344,0.31572757210797114,0.028307587841209306,0.05689918811054167,-0.016826825470414523,0.008809675262382464,-0.1171506973441938,-0.028369254719224125,-0.181772821338354,-0.004494291215796486,0.08586991151716585,0.1418327595308134,-0.0011998402721097833,-0.013870426459208213,0.002617172840796924,-0.048576870857513575,-0.09444530398585216,0.14378312452506825,-0.081163020848749,-0.025535470334383737,0.20935727548528413,0.15858788026927242,-0.006479867003213107,0.03425966370506359,-0.0662623321913681,-0.08124334018919468,-0.08222948398303638,0.040712922594004615,-0.14634874050021465,-0.0800908389098265,-0.049046559499044795,-0.07500987253632713,0.0688938280144412,-0.00887450905209508,0.02490648244882392,-0.005122583760281448,0.11944332859878952,-0.004424175447112435,-0.04058510034720151,-0.019121537489584357,-0.00028605140298966145,-0.0906199729791919,0.13859744834778628,0.022346159546434707,0.011559606607257808,0.03816005061710249,0.13322466519614415,-0.0555013729378521,0.005825307712156708,-0.05649162226332927,-0.045639273748147684,0.11220436091532944,-0.022707745558686116,-0.07098907172954397,-0.0825149001746893,0.11752602021848156,0.012855807279938056,0.02193660961163212,0.027119372877728216,-0.09138900459601584,0.04447656837672131,-0.06269849579796388,0.02707249857415116,-0.0019462907986377911,0.04310667561047519,-0.01605683847194764,-0.17680377191369165,0.048057696763075614,-0.02233640922453788,-0.018870230608969193,-0.05933948972412403,-0.10093584871518536,-0.03262252036646427,-0.07778590972519821,-0.03061709322894132,-0.029924879212704897,-0.027118917387883894,0.003017651173746348,0.001998143501285765
-0.02892564992111545,0.08149321629206074,0.0677564549758808,1.0,0.08469824130504372,-0.07830440574561924,-0.22768877341525237,0.04761494866076077,0.06805341840019556,0.15586130704312096,0.017053031717513517,0.20995422794774346,-0.04876573293222596,0.07929012413269226,0.02750581954745053,-0.05092436725695254,-0.04453561986965329,0.057339191849249904,-0.004486630569027712,0.4219101044665136,-0.11281677252454138,0.019206264050372072,0.0636616058820406,0.2750339988098729,-0.01703434329666176,-0.02446614825786099,-0.018425036084318117,0.19932598826659517,-0.10330188674933194,0.08058489500407527,0.043269035064172956,0.01936654508304253,0.03563037395274021,-0.021582090994330536,-0.09092661147029502,-0.06065516301315082,-0.03576749209781743,-0.01761683548292742,0.0680022453218532,0.054786538153531496,-0.09575370481606195,-0.018913457428277557,0.15374016090614917,0.015049231770673042,-0.03337688086541865,-0.03098413279439696,-0.13160665603705454,0.13422371212354547,-0.10810679162686808,-0.1527651782237812,-0.07441281484621125,-0.030066142064763223,0.7613855110603459,-0.061220457360293044,0.00376754628176511,-0.012881004928250736,-0.03507831902879255,0.03324658356048494,-0.08004134633914524,-0.07770927598455009,-0.10416333389326472,0.10111666909841265,0.13791252777365975,0.029435608911899808,0.005167110328851007,0.054434893878689,0.06417976364204303,-0.06469964037042832,-0.11113796931216526,0.003062149686027116,0.018217936029120647,0.10909494700074618,-0.21989058196695488,0.03294115877386163,0.08403586702268978,0.07368539256001815,-0.10214426057473212,0.0015081200081731687,-0.050567428974998406,0.02917457563705891,0.09360868615606917,-0.022665153085765822,-0.020358075546547942,0.02780353512213273
0.021804456959067495,0.05934510077007574,0.08540180478596021,0.08469824130504372,1.0,0.18129851058299898,0.05114321141036804,-0.011055655745680147,-0.11494846016275358,-0.04628328196569389,0.043009307840322065,0.12543520798985217,-0.10572213219517547,0.053961653812940234,-0.046821462526610604,0.05748923595335315,0.09490061990616384,-0.015309975674480406,-0.11114036269204848,-0.15860154132971258,0.020120710603530708,-0.028963706716726722,-0.10130835252966912,-0.07784033594978974,0.04770683487770777,-0.08595179055999862,-0.0534707144913143,0.028853137928181893,-0.02981911184247471,-0.021377699417651056,0.07721047560157546,0.20542265296918724,-0.05412746479871871,0.05997653312152266,0.02753612369696971,-0.06411697284093291,-0.0392157120082516,-0.0623073307599509,0.08417104400383783,0.05689922402604996,0.1305286500922628,-0.04745867257542128,0.007696432474068496,0.00989004186335697,0.04305677051328672,0.017679726221764783,0.06746914510959752,-0.11566649219052853,-0.03520764410001768,-0.06982879020860093,-0.0031007956093357845,0.01975446979149104,-0.09494246394344963,0.1650092187215994,-0.06676819131484443,-0.03061122164033714,-0.058848089218060555,0.11273890800905073,0.08791826562559506,0.05280736892986004,-0.14620010337631473,0.03499633598434457,-0.09217095858812696,-0.06319240484251888,-0.02158870315504034,-0.06315606417746052,0.07708936657587212,0.021021463689053405,0.09414829393593767,0.059038269470513244,-0.02231371489779434,0.034434922686074974,0.029896758144145247,-0.015465741544430131,-0.0779182385635178,-0.015560654920419262,-0.029407133432733056,0.06777588115071266,0.09975469040622843,-0.0776583333774293,-0.058131672407973255,0.07489481384457455,-0.06811651704488067,0.041764296982702176
0.10623408145484721,0.04315931493625431,-0.05777205097005344,-0.07830440574561924,0.18129851058299898,1.0,0.00915417771603304,0.2754452263708198,-0.09136773571296035,0.15426777176489762,-0.00021895657253150994,0.161889412439958,-0.010785634533367783,-0.02822943839333171,0.22752620722713146,-0.05483356728106184,-0.0383661588247132,0.0009541389308451543,-0.02459632682925499,-0.08328915447331263,-0.06107270167779788,-0.07300287260898193,0.016825148151270227,0.03957722804752493,0.09220297162513545,0.053506643001273585,0.023265948997164276,0.028228106566794097,0.05547982303436592,0.051924881622207236,-0.07379277713622581,-0.027578228231115397,0.09685374818230297,-0.02762910604295436,0.1786464885966725,-0.03338608945185306,0.09186433236718133,-0.008222155115587023,-0.08639501070445371,0.009967763943586902,-0.012418864703393635,-0.06697707631642863,0.05491582373060667,-0.08906010630801305,-0.009076585908776401,-0.028206570526972407,-0.030036534345377574,0.11575212716626464,-0.023050557995920148,0.04888478531326754,-0.10478610981576286,-0.007546319645476169,0.09757105693811535,-0.0711819186440552,0.23050472454725623,-0.053498679229657085,0.1550546160469256,0.10050629258379035,-0.02354331835468738,-0.13740230098803738,-0.009478633896740729,0.022484207946386423,0.011522024816747004,-0.09387805155661401,0.005746679094812323,0.17426826555628372,-0.01781778446478108,-0.026639711887005285,-0.04958929899855944,-0.011977411053514159,0.08501070796374975,0.019897149340001048,0.010112248510697558,0.05270373153208125,0.06577484776914043,-0.07100135621964034,-0.04688714606834645,-0.0938564227174416,-0.08360391862063721,0.005275565166878954,-0.0067710191176327305,0.013009385889551315,-0.00022184016173716896,-0.09199118892631271
0.0032624382944439942,0.0539940045713207,0.31572757210797114,-0.22768877341525237,0.05114321141036804,0.00915417771603304,1.0,0.11823849279585898,0.14161664391426218,0.18615944965252765,-0.019537523637328007,0.04423804140297268,0.0765579511708,0.3485111233022932,-0.059328646546348486,0.028063458648866894,-0.11915740836928969,-0.06061995411867047,0.10512180189462622,0.07176285852058241,-0.008058531318021344,-0.003778807176225578,-0.014437133809294367,0.144681115105993,-0.04140669740945692,-0.02091419549878148,0.011780354550257702,0.17653492082308245,-0.1502164254144747,0.24956012163888033,0.03971087500935259,-0.10463212671508153,0.023145192768543894,0.06368754495820364,-0.020962078359784763,0.06375540791852076,-0.03215313567436093,0.05566980782518099,-0.023214980886274782,0.06356720520673102,-0.09025622738181631,-0.08874860389839197,0.008825647216117997,0.1308450708585063,0.01830242130526083,0.029822032159841323,0.08436647090706788,-0.09089374907761316,-0.07079623731148883,-0.016771291981543295,-0.016949509043955466,-0.04997985391461799,0.16078181884333728,-0.09843478871083274,-0.013014529838582325,0.27372731138218936,-0.13175139369772662,0.007794841873688784,-0.013626766893539937,0.008511951338517286,-0.06578812780863537,0.13482471080981998,0.08132833123461951,0.0429552724413149,-0.07470141274205075,-0.07937663465027747,-0.05189732891523929,-0.01367508555809351,-0.03476274494778527,-0.07716872965998678,-0.006134098133588672,0.18551546552955286,0.010498899246026734,-0.047468986003927405,0.0026003432282115783,-0.03734873366179033,-0.14271184614213697,0.017463394977264186,0.024154139352111678,-0.02071390732425734,-0.0312822056281666,0.03248416776323098,0.008853970422152125,0.00568567801959867
-0.11757388039154888,0.052360007511580355,0.028307587841209306,0.04761494866076077,-0.011055655745680147,0.2754452263708198,0.11823849279585898,1.0,0.08066241299245248,0.0837621247784685,0.08016602763382143,-0.017108119235003185,0.08592692153533683,0.19662257693510507,-0.002305801715089923,-0.0539636788325065,0.14385040761912807,0.053324131297957954,-0.0894264852174686,0.04480223735643052,-0.0177009034325163,-0.033732526743511314,0.050664991620607225,-0.14327145457949977,0.001284365104404172,-0.07427713349445737,-0.09763893807120878,-0.013569937259501641,-0.11418198472407215,0.1916021174918039,-0.05994396076587465,0.1669310362317615,0.02434175635636052,-0.010061163100503355,-0.08405744484415355,0.09848782781235615,-0.034613252525512055,-0.08421124841744043,0.10316784680745246,-0.0887545755971791,0.08950515939914434,0.09075958051297169,-0.08976121688639134,0.006279372955266964,0.08633726868012538,-0.025875945387032778,-0.05378859607792966,-0.11032992488158533,-0.0014141677279058673,-0.025923950198693438,0.004539192964550636,-0.08826830241961803,-0.11093385338329313,-0.05061921320206884,0.06328292408161089,0.0059169565434387,0.07348829243087564,-0.056267029098477285,-0.12824605400088213,0.004265143476687099,-0.04246435316748618,-0.11758822867401368,0.14783306157928158,0.04928149615586395,0.06271504965853629,-0.09188811544987163,-0.06365371401714309,-0.0173508979852041,0.033662771846252625,-0.04795193121419539,-0.02233372524389839,-0.03652088542817543,0.05153778962217522,-0.08028581884139276,0.08523103791556501,0.02219872179790569,0.012268202802635747,-0.0441673572429764,-0.0861898539224311,-0.004301893119801899,0.03771751473985935,0.013049268944615606,0.012559348049273326,0.08183994651313913
0.04567488028613753,-0.08003889724407971,0.05689918811054167,0.06805341840019556,-0.11494846016275358,-0.09136773571296035,0.14161664391426218,0.08066241299245248,1.0,-0.049005481115290635,-0.07419566851909958,0.07525821168967728,-0.02062004688150728,-0.020334864983085763,0.14888421418634026,-0.12943226353737347,-0.027555480714299852,0.01170525232971596,-0.0010269493907717395,-0.03406235234557221,0.0776808617843715,0.05712793061549415,-0.11355502989982617,0.1752741489104921,-0.092652296452501,0.04810687696213318,0.027288668083699594,-0.1398361115300483,0.040887408445714306,-0.10320400531540123,-0.004862800043175406,0.013695549361440013,-0.026223605925254634,0.05400470257445242,0.0005417573907916994,-0.022631712428389808,0.0964469475254431,-0.03045780229751685,-0.014032413321835975,0.030776087692734152,0.045855803287084274,-0.07043465981746319,-0.09295449825606121,-0.09027341356026904,0.056604670572846495,0.0505422342060749,0.17842908640235508,-0.018907178745012816,0.04735519134952143,-0.0766173956279763,-0.028836221855606674,0.06371134447646752,0.047663935626407535,-0.023654417066254957,0.048086813862384226,-0.06736948068056825,0.004024096928244837,0.5231048724352922,0.028714745699629386,0.03571129491454198,-0.07773696411787849,-0.0018952249394926502,-0.1272069185293815,-0.08901530261783397,0.1658092174601836,0.0437570461232733,0.06857166984608827,0.028737931305351416,-0.06011936315431913,0.0007022556994558069,-0.0571275503006646,0.05183646145113805,-0.1075527443901758,0.08202774491641439,-0.15696300440085348,-0.026416235657104905,0.010246932613044116,0.11018998292930016,0.09836851558626954,0.01260521205853024,-0.010448355036612443,0.0021724447982349507,-0.12535487618612948,0.04095902180631822
-0.12989360745520231,-0.010449364560880735,-0.016826825470414523,0.15586130704312096,-0.04628328196569389,0.15426777176489762,0.18615944965252765,0.0837621247784685,-0.049005481115290635,1.0,-0.01755149558587507,0.05007059041425103,-0.09240446769651116,-0.04865879311758933,-0.03858888335039354,0.05450685917468637,0.0013438001578626943,0.05202464566403031,-0.0514701481208017,0.024039702033518073,0.04726264026337212,0.011451307019037007,-0.015674215592746697,-0.20200180711075014,-0.013579973885390595,0.00015411255179900948,0.024950399687779328,0.11096154690264294,0.19306179688658945,-0.08618170528164838,-0.011643047294020515,0.039532356965946175,-0.09030918454142219,-0.0664068176186449,0.08747836138379307,0.018897971592909343,0.06670753472390266,-0.045808945204159686,0.05737308757048069,0.04586281035999353,-0.06094231820110554,0.11481984793051946,-0.1280888337797956,-0.10092210500322603,0.05560146890458873,0.05203474955710454,0.11012259788856639,-0.09188551853887729,-0.005885716913035064,0.0988024920088421,0.09496989873829313,0.014695489224049221,-0.10741806608152692,0.08789690817848812,-9.753596571713315e-05,-0.06956298440810764,0.003425110565387584,0.010080029251594668,0.5210860136561702,0.09366609176039498,-0.0580052633222973,-0.07241946851736403,-0.005804683821107419,-0.03379640060498965,0.0006491758813516832,-0.07144182390017549,-0.08433066632837062,0.0002250504119473315,-0.04378216089066827,0.028921290248706193,0.04099818090577967,-0.022917363112445854,0.06458757452556717,0.040500837286828135,-0.00623204953730157,-0.058675127389382305,0.013505599744905698,-0.03266582116972719,-0.015985502928162008,0.09089965421498279,0.03956227590027459,0.00506609877383684,-0.0338881181790724,-0.1273371025840298
0.002953411296802086,-0.03113395573266302,0.008809675262382464,0.017053031717513517,0.043009307840322065,-0.00021895657253150994,-0.019537523637328007,0.08016602763382143,-0.07419566851909958,-0.01755149558587507,1.0,-0.010303830640216392,0.29217835483119636,0.013962247895967103,0.03987376653783011,0.00577725608245554,-0.11320059108258401,0.33129301808634565,0.02416510765110462,-0.10903593533830454,-0.009277368579674145,-0.04151789037045799,-0.0119327528519687,0.014397754945881058,-0.03923728966290608,0.007859363153460303,-0.021191623029725246,0.038484523514398725,-0.006398565194831177,0.05307033587300203,0.07950702555985811,-0.002620811956979243,-0.07195215577646286,0.06618480376945872,-0.09486227568163508,0.0299797647118831,0.04125645436742497,0.019998692553298596,-0.043657723338778674,0.06077620123905081,-0.0014059568723417074,-0.0738824562982021,-0.04643941306482491,-0.07096292664472192,-0.0067230887856270976,0.01726287894684828,0.06899584792143003,-0.07360138409474977,0.060718062970616445,0.021765214019855542,0.011305763460565636,-0.004920927218786321,0.02240614735719379,-0.07363827262019192,-0.037409341211621934,-0.00927699426720273,-0.0028146504705414787,-0.01436536468081883,0.013713853721866204,0.2683033140413438,0.0024477735321796787,-0.12191923298281922,0.017367176980468205,-0.13560987920971454,-0.006084214937786536,0.008154945415347165,-0.12804987604006346,0.07747315067764228,0.03824420956304153,0.004622962432003558,0.051818064241210736,0.02601622205993177,0.030885805252961224,0.12696042365582952,0.011202205731933179,-0.036702191998558335,-0.1301727528788552,0.03217479189063574,0.007955988759254311,-0.09638678194712437,0.0754867507035203,-0.012763593203310802,0.03879967256048972,0.05140555833623752
-0.08946078754039528,-0.0820008992971681,-0.1171506973441938,0.20995422794774346,0.12543520798985217,0.161889412439958,0.04423804140297268,-0.017108119235003185,0.07525821168967728,0.05007059041425103,-0.010303830640216392,1.0,0.021956307659836707,-0.053105078358036205,-0.006840560272789496,0.058392958759652065,-0.015621079338870076,-0.004016492108300054,0.16516592840949954,0.15364203567342682,-0.006633220630389958,-0.05472532549419861,0.012893469841541988,-0.04695103111615706,-0.08088703299127721,0.014119617212766574,0.11337450339942774,-0.05915687702251246,-0.052058518529644555,-0.08920165019499489,0.0019701117823270864,-0.07407786467479406,0.007599356081490293,-0.10964296585238768,0.08475506839395157,0.010806011629893428,0.03237615996197099,0.08300381839998204,-0.10925867549460233,-0.035845745146179483,0.05713457456206721,0.06306366749008732,-0.04179205438580292,-0.10476087059986859,-0.030455518677670542,0.009256614675346475,0.007905947173734105,0.0033403726157992864,0.09981964568415787,0.047991770557585765,0.033286711133542625,-0.030374526769312182,-0.18093883912789702,0.08190567529381038,-0.05291619895385363,0.016240214031213788,0.014941035123334515,-0.16837776707691599,0.014174339841725864,-0.01840399367787642,0.4610156607481748,-0.012091520998742134,-0.05141806414409217,0.049763180938138384,-0.14497594668716038,0.029264839138921934,-0.11726480379876793,-0.017885602098083684,-0.012891487784235706,0.06052876556966857,0.0819920571442342,-0.060662699077012446,0.056756410186977115,0.06616133875187453,0.034190127293359365,-0.023137979799753423,-0.060691555782942115,0.05638692574555031,0.001500706628608318,-0.02122920835535973,-0.040438534978961556,-0.14062027208317757,-0.00544500106936426,-0.09197917127091922
-0.041339412184299006,-0.07726623040410767,-0.028369254719224125,-0.04876573293222596,-0.10572213219517547,-0.010785634533367783,0.0765579511708,0.08592692153533683,-0.02062004688150728,-0.09240446769651116,0.29217835483119636,0.021956307659836707,1.0,-0.08384364623716183,-0.01602781904974257,0.09413112529810021,0.06552414662744727,0.09656863812378315,-0.07288315484992264,-0.009928601062627183,-0.08513204908599194,0.0657766348486495,-0.014892035084791559,-0.02338499520071775,0.22069369002202033,-0.056142581216481496,0.013813007414910997,0.05827437156028431,0.20788829348631213,-0.0838807481396419,0.056467291787185125,0.0715134149833589,0.0678066503460827,-0.08042960565422853,-0.02613840389775599,-0.0239239053965902,-0.047327407962698874,-0.007971371374456878,0.07727292577453579,-0.009213226445154654,0.07194166412097967,0.2418299948972296,-0.038425858124950384,-0.0047043225484319886,0.005607547991041237,0.015386380968781019,0.030875264498518646,0.041674759050723126,-0.026106843411177305,-0.0679571280059414,-0.041437522616845655,-0.002572236364328936,0.0577437583297016,0.07832105243622013,-0.09135927141411608,-0.039510643511100105,0.0520951349596838,0.09520287767538355,0.10129237656015251,-0.024964151839583244,0.044196042629667885,0.3767159379948049,-0.03866538090116465,0.03671867022687595,-0.09033193823026026,0.08000465644296273,0.07722943819299112,-0.08714163276513655,-0.09618621742956059,0.09734458019330496,-0.0134938169990756,-0.01896764395197136,-0.002408741012909612,-0.11960282408769957,0.0012280603107400364,0.06998253693853945,-0.047299343573337094,-0.07010127797855219,-0.04001658548890636,0.12058975960041167,0.061985297801973545,0.024068264412186374,-0.06396735851915447,0.021438672474411422
0.18756195771729353,-0.04226026065086019,-0.181772821338354,0.07929012413269226,0.053961653812940234,-0.02822943839333171,0.3485111233022932,0.19662257693510507,-0.020334864983085763,-0.04865879311758933,0.013962247895967103,-0.053105078358036205,-0.08384364623716183,1.0,-0.029942134002162165,0.08984697290394726,0.09040533784148397,0.2232730993317998,0.059059422140480634,-0.011645672627462253,-0.07764063169438555,0.026385083657341227,0.013444293201459174,-0.08368825290526206,0.03676757902553362,-0.018151060031190568,-0.010901811226686256,-0.006200007693849992,0.38099037989926904,-0.0673667266156801,-0.01396548149007215,0.06445782152705462,-0.06539906984917038,-0.07982811955907039,0.15507573639888642,-0.09746167378434313,-0.0752892496440309,0.005184942275455069,0.03324641083346777,0.115979521936891,-0.0010477399796886462,0.05882228149228889,0.012554999107859162,0.046226785999107796,-0.07431404141563289,0.016267634925473416,0.00443318596044714,0.045473665268020186,-0.007395082865329087,0.010286782874269937,-0.05426387791280487,0.05932417719212637,-0.05023714220223526,0.05920819434816078,-0.076676864654372,-0.06921435475681108,0.03176523178763005,0.04189907195192206,0.05199833647025867,-0.07587024235169892,0.02562208952898663,0.006519847842592366,0.07197899630313633,-0.021661371829358293,-0.0779957770060684,-0.0008847714890916301,-0.0898092507589975,-0.017881384000657707,0.005710987557377705,0.08424330982727767,-0.05358429487903801,-0.03037268888062657,0.0185933744462705,0.06223885990775757,0.059300112937864,0.13545927165741328,-0.006982845943587941,-0.1472973303586301,-0.09492842398239525,0.006207510131722091,0.03963862907059327,0.07881057683114884,0.026107328004003786,-0.06383747868254394
0.024539423727923254,-0.0755950922382111,-0.004494291215796486,0.02750581954745053,-0.046821462526610604,0.22752620722713146,-0.059328646546348486,-0.002305801715089923,0.14888421418634026,-0.03858888335039354,0.03987376653783011,-0.006840560272789496,-0.01602781904974257,-0.029942134002162165,1.0,0.0019009733654518808,0.08909566280500618,7.415756291510635e-05,-0.11660347073934894,0.06199295162089389,-0.0611862842497218,-0.007792378989544817,0.03139320909624294,0.0956703656406115,0.14223501747987227,-0.025369016048010895,0.04105425184049265,-0.10219946923823546,-0.027301638749939197,-0.043851272927509566,-0.10619570540043964,-0.0930157208690583,0.12724098368114672,-0.0008795377498522309,-0.000852405898177489,-0.018799082087336147,-0.027773667047552287,-0.05243281078707887,0.15079980322276973,0.3570773857251197,-0.1852564984891437,0.06885701955085045,-0.0034341327928209945,0.06820437780280343,0.05480933464417201,-0.06938370007044882,-0.011876258628205549,-0.004965706219831725,-0.02795769703204111,0.003636668199752386,0.09937443646299836,-0.04328066684683154,-0.08246681764926818,-0.041036820337280504,-0.032480204583128836,0.14213036366801793,-0.06449459452170361,-0.08860150573437466,-0.08100392572539154,0.040301668899622764,0.021069932985963918,0.0020464290218419195,-0.01277801734023245,0.20749609724082474,0.008904551737457743,-0.10570567572717847,0.0309495375181964,0.05314901026901315,0.06132328980177328,0.0475331461996464,-0.038912635832203724,0.018142778204168312,-0.05162260930816547,-0.041074808900543026,-0.0029699060802361944,-0.022375340166596463,0.04079344163958343,-0.0010451494611875116,-0.0036343555364931565,-0.011383024002704148,0.06510666274332376,-0.032686031200414335,0.04339104461717228,0.0039878235574259185
-0.12938147233968275,-0.0877445283437965,0.08586991151716585,-0.05092436725695254,0.05748923595335315,-0.05483356728106184,0.028063458648866894,-0.0539636788325065,-0.12943226353737347,0.05450685917468637,0.00577725608245554,0.058392958759652065,0.09413112529810021,0.08984697290394726,0.0019009733654518808,1.0,-0.12440077012068555,-0.0622194580717273,-0.008465207304288498,-0.030541499924664983,0.013747150830537139,0.2992669031775299,0.12904326214196812,0.2228287620889778,0.041123288961173295,0.018136961233763467,0.045466456922218755,-0.13783929858669772,0.018083427944817217,-0.03787349039777805,-0.1896168838843191,-0.008843841188378792,0.0769094956779786,-0.05279961966245116,-0.16235196414546652,0.06624526377059513,-0.05346990070525984,-0.06246820641482984,0.05720755518844064,-0.07918970147092752,-0.012436753971219891,-0.04508013746903063,-0.06400140881964793,-0.007863002027353592,-0.03352167068004136,-0.03878957325252173,0.0936380757669177,0.022260547287042992,-0.06478566663230932,0.007591664472850007,0.03120649171626316,-0.03271333345816547,0.08389336358013148,-0.05860243960333239,0.07952219101014474,0.004495619561845489,-0.042987898318251,0.013393950201646168,-0.13675520361112942,0.02983355906956356,0.03374639678754195,-0.11765104798487898,-0.048523422187348876,-0.040766929663602285,0.6823626870078989,-0.026578818749584995,0.11179356309631149,-0.0011536583183475262,0.04042631747573997,-0.06348001380848912,-0.17525672505130804,-0.0788792384192203,-0.20726676219087647,0.07154533447714756,-0.01651208303646011,-0.08705940076780942,0.07072847975435087,0.04622338678128623,0.11108716637154543,0.04680065449144536,0.06463988239021003,-0.06363760951957985,0.028495253842052436,0.13797400736193374
0.015022442927871181,0.015242211161665907,0.1418327595308134,-0.04453561986965329,0.09490061990616384,-0.0383661588247132,-0.11915740836928969,0.14385040761912807,-0.027555480714299852,0.0013438001578626943,-0.11320059108258401,-0.015621079338870076,0.06552414662744727,0.09040533784148397,0.08909566280500618,-0.12440077012068555,1.0,-0.051894958762237486,0.5295028412350905,0.013050635535873678,-0.17028560635251078,-0.04316661236169799,0.18920735310413792,0.1118728176062833,-0.01859690474161414,0.07632272040508466,0.05581556279775656,0.10311934856645529,0.05173375497230531,0.2834255860301487,-0.01828017356865292,-0.08571880125306576,0.011913007387057542,0.0032968362242871765,-0.018138200587088957,0.07001774302592047,-0.014614753803860285,-0.040800170947095454,-0.029612531297432004,-0.1917716710161582,-0.036788205628858255,-0.19480069710755266,-0.05956164950406765,0.10247453634920423,-0.0015536190944131108,0.014358270536440157,0.13999151773036003,0.0749394882973955,-0.024693132526239756,0.071480120768817,0.10396698619605434,0.023974104310143036,0.06399498645784808,-0.07604560776491116,-0.053307021558494184,0.09695809206317264,0.031646102994322654,-0.020832530725733857,-0.006500823823974645,0.04907084552446319,-0.012123150341260436,0.050020010621930476,-0.021381676423829207,0.08108835954248501,-0.006386090661187368,0.23329406443620834,-0.06106272527438772,0.014387266879557202,0.025132864546505648,0.006131287400458288,0.030609099313128166,0.08215067924266929,-0.10843436719215356,0.005904651195804336,-0.028722446327933037,-0.09088369214832469,-0.1817475736115959,-0.12265490450209975,-0.05632899877635373,0.034544121825700484,0.03626664151707945,-0.004935489634805595,-0.004012050834287243,0.008736424867563175
0.024721748341505822,-0.01880489809486423,-0.0011998402721097833,0.057339191849249904,-0.015309975674480406,0.0009541389308451543,-0.06061995411867047,0.053324131297957954,0.01170525232971596,0.05202464566403031,0.33129301808634565,-0.004016492108300054,0.09656863812378315,0.2232730993317998,7.415756291510635e-05,-0.0622194580717273,-0.051894958762237486,1.0,0.32611508016649365,0.004008436202439797,0.08106213767510832,0.10118751042651064,-0.10434382980526334,-0.056262145119282674,-0.042135553208703456,0.19653131588696748,0.02468428499290991,-0.08572416349987606,-0.07330675791588659,-0.03939603738341776,-0.028306827201578358,0.03843380639299907,0.05344152829623975,0.017383800656591227,0.01436007300702769,-0.014666228090779351,-0.020397264267132575,-0.00380092995702384,-0.10818117075770496,-0.007597036472601299,0.02478482801518989,-0.020806522906387088,0.03602351492783544,0.07630618383667531,-0.001086719295855583,0.03482260406261585,-0.028134649742853176,0.046755373693211165,-0.07543772109963873,-0.02917671121599937,0.02620436200384722,-0.06651063614996736,-0.06125182399101329,-0.01036194272759239,-0.007198584873175144,0.051119778969434565,-0.01749476260334306,0.01612501762921671,-0.03503598458987286,0.031231826161577343,-0.03137640273847158,0.06436041048570651,-0.13325498384349135,0.046254728773924426,0.07253665665871335,0.10066926445903716,0.3083741655986267,-0.07190928560316033,0.06112890761908474,-0.05189709433496742,-0.09706312944703971,0.019468202106096854,0.00811908318423765,-0.07646646906361058,-0.15028983793212555,-0.09919576354618637,0.13930269287676159,0.07875506241410461,0.008936957246729606,0.02490075364591587,-0.20312888737664858,-0.04446849188215143,-0.08553420091887448,0.023120048769002727
0.088434822281383,0.01874605561295568,-0.013870426459208213,-0.004486630569027712,-0.11114036269204848,-0.02459632682925499,0.10512180189462622,-0.0894264852174686,-0.0010269493907717395,-0.0514701481208017,0.02416510765110462,0.16516592840949954,-0.07288315484992264,0.059059422140480634,-0.11660347073934894,-0.008465207304288498,0.5295028412350905,0.32611508016649365,1.0,0.09689285766022271,-0.019402501734183602,-0.02872232818009404,-0.02055623463268855,-0.10841336824292348,0.07310764261258205,0.09553504463120903,0.04831556078101895,-0.004871752275046568,-0.010522655171953459,-0.12398857552838971,-0.09924194240017668,0.025038776409670827,-0.028544618398655103,0.06192465061309534,-0.09474839955787547,0.02929851183406554,0.02878961988377496,-0.09377135615472887,0.13164219663279608,0.06424311327557754,-0.11158137223557059,0.09892615349423532,0.0024030851931808486,-0.15912520028655056,0.0882541103271159,-0.032543487386803745,-0.14752745051687968,-0.029640407485240244,0.022746872331264784,-0.005603535471615982,-0.12799469363136465,-0.03004376601197976,0.008902298322621556,0.037501827933725494,-0.013848427865114072,-0.0007326521816389877,0.006934925275043862,-0.006450183692942449,-0.042965219854520724,-0.09277126515752854,-0.05064882070376118,-0.047863992552214824,-0.023168507131134147,0.0022353175444380096,0.09425629788780339,-0.16892895826007223,0.08581532780959096,0.14579075153703755,-0.058997360078020554,0.05381438236343284,0.061299473089194124,-0.03942273766996229,0.1056709157938731,0.002546903394437866,-0.03580166957915082,-0.0021467555586750283,0.06681268070941214,0.063645085425992,-0.06494331788519966,-0.02184795023919601,0.0879196367649586,0.00926412857673122,0.0608179615693123,0.07853596931013336
0.10027094017635517,-0.11944906989743322,0.002617172840796924,0.4219101044665136,-0.15860154132971258,-0.08328915447331263,0.07176285852058241,0.04480223735643052,-0.03406235234557221,0.024039702033518073,-0.10903593533830454,0.15364203567342682,-0.009928601062627183,-0.011645672627462253,0.06199295162089389,-0.030541499924664983,0.013050635535873678,0.004008436202439797,0.09689285766022271,1.0,0.04309069709089174,-0.07281889271677144,-0.05124619235812227,0.06393513621994133,-0.002007329501245738,-0.08988182647987342,-0.010875147138581058,-0.0612668452917039,0.018055469095050403,0.00033143736552513226,0.041379784079179374,0.09748081394481732,-0.05505399348370699,-0.006232704090071904,0.12573835991470922,-0.014620791404936037,0.02179358217876519,0.0068617044365048285,-0.06137269520925317,0.0032064221600785203,0.08839496219809327,-0.08541632526330985,0.012566292207994205,-0.031330065722903574,-0.0036799798437908405,0.019956603252005867,0.22554935938431922,-0.10160936089940997,0.16338391228021434,-0.08394612011141726,0.10529782148075063,0.06403749241418528,-0.23598327948974615,0.005855344149775454,-0.014359295592005045,0.018266472964148097,0.0031587152755218908,0.0017219188312457695,0.15774284078803513,0.1255862790909241,-0.06368176028749763,-0.04819639167631854,-0.054128025868907546,-0.05107770200434939,0.07789403965034927,0.02538802847776178,-0.12952863123566538,0.02350346468916106,0.29324760134974787,0.021799718510082274,-0.010957180253929418,-0.0666816558190834,-0.08302884705586816,0.04913931903374565,-0.07901701681373284,0.0011249955255897386,-0.0339510841452953,0.02743010718562791,0.09708248326777745,-0.028863297647705486,-0.06923810049184573,0.016360780132155587,0.009053687440905572,-0.08029405523860293
-0.07176482699627366,-0.0012548632251649764,-0.048576870857513575,-0.11281677252454138,0.020120710603530708,-0.06107270167779788,-0.008058531318021344,-0.0177009034325163,0.0776808617843715,0.04726264026337212,-0.009277368579674145,-0.006633220630389958,-0.08513204908599194,-0.07764063169438555,-0.0611862842497218,0.013747150830537139,-0.17028560635251078,0.08106213767510832,-0.019402501734183602,0.04309069709089174,1.0,-0.07693935297981189,0.5799107466785963,-0.012319894990596646,0.09903221761336012,-0.14536668394587882,0.05795259238714459,0.16558348915030213,0.06494027237492535,0.2872518091214743,-0.0052907137060428855,-0.002051288961747408,0.18143864996505518,-0.01741010195873608,-0.05673795876618121,0.03279376444447837,0.010863367799223709,-0.007210968412681605,0.08762832928405119,-0.06267229970030876,-0.07941182158223849,-0.106918657532592,-0.017498332694132434,-0.019289444087946247,0.05933202195648594,-0.12093296491673011,0.04013443391764563,0.04147604494271726,0.024272254194609388,0.003410850716739464,-0.04649222453288863,-0.034970764629390506,0.1423732947868945,0.0036865344813550153,-0.0686634358699284,-0.03185076570917386,0.049566054488884646,-0.09439919015977262,-0.0018303212807001857,0.0016607124746518323,-0.001614536911254504,0.09651667848850325,-0.02588541972262334,0.09122610473816599,-0.14502682186572324,-0.02370286679677741,0.001186486978152046,-0.04092158761536536,-0.08489184693530692,0.4292002101696222,0.0744087648514803,-0.1012263315541319,0.02656116683345978,0.014587750994606302,0.15177991240165203,-0.07460430787830265,-0.17644614329773248,-0.04390401001307187,-0.13983352775197375,-0.024588937021301254,0.16067206989542204,0.028808698217723028,-0.06201812277813345,0.020550355455012936
0.09406844685982685,0.05148278636257941,-0.09444530398585216,0.019206264050372072,-0.028963706716726722,-0.07300287260898193,-0.003778807176225578,-0.033732526743511314,0.05712793061549415,0.011451307019037007,-0.04151789037045799,-0.05472532549419861,0.0657766348486495,0.026385083657341227,-0.007792378989544817,0.2992669031775299,-0.04316661236169799,0.10118751042651064,-0.02872232818009404,-0.07281889271677144,-0.07693935297981189,1.0,0.010826068601841592,0.023544363457025586,-0.040515203516054185,-0.034183339870037,0.07587015374661049,0.02717865015240684,-0.03981808178300378,0.13292522241647928,0.024862247086842842,-0.035236486072837477,-0.034578143808187835,0.032832031711416694,0.06928844101455413,-0.01227226365644146,0.06390694933643128,-0.0033735419223854383,-0.021222988716622402,0.029411992998078593,-0.10527596815316148,0.021637754255904414,0.013854427150381196,-0.07173133974923969,0.05324911523238071,-0.07681948724207698,-0.05240244346316019,0.08315645474321608,0.02241074172458205,0.019003955934331202,-1.7489253675923022e-05,-0.0057968188035541724,-0.05426067803291876,-0.045991644783030416,-0.05979075622366742,0.04099381891427321,0.020607424215834173,-0.03554449442887169,0.06323800833960483,-0.1356762522469049,-0.011535866688649943,0.08438808740247188,0.036101948571674904,0.13865755422577666,-0.20595181335687696,0.02695418035686406,-0.13476360911126004,0.14691700558096468,0.09885099891666034,0.03647991554088569,0.5905703780962933,0.005016064780847655,0.027052389161650748,-0.004479995801132365,-0.03493319504991875,-0.053133800114793246,-0.14770721546076301,-0.11587476442692869,-0.016631575827061765,-0.04665931275585233,0.03576514404210008,0.14493376261526528,-0.037352936782764024,-0.0466482925271432
0.1521942574825045,0.030779238412483284,0.14378312452506825,0.0636616058820406,-0.10130835252966912,0.016825148151270227,-0.014437133809294367,0.050664991620607225,-0.11355502989982617,-0.015674215592746697,-0.0119327528519687,0.012893469841541988,-0.014892035084791559,0.013444293201459174,0.03139320909624294,0.12904326214196812,0.18920735310413792,-0.10434382980526334,-0.02055623463268855,-0.05124619235812227,0.5799107466785963,0.010826068601841592,1.0,-0.027705724985051985,0.004907164332445389,-0.039796125476997395,-0.12165269547694191,-0.0320681062094128,-0.032531509495933385,-0.0982261905808477,0.045912241277156735,-0.03292379781359949,-0.0855948488733254,0.10600979805658174,-0.09040613054239231,-0.02595596424480188,-0.008451998155115836,0.05382857919721532,-0.03570363232331188,0.15458256326472922,-0.041018151843863655,0.07846697629243697,0.002982689000093481,-0.06676101435097212,-0.02579418329292586,0.06868021443712523,-0.001769748544361976,-0.05417778333451837,-0.0428168463818567,0.016890219580253125,-0.06619979095518867,0.03876416750839959,-0.043513746992862486,0.03851871738392986,0.07028026646346873,0.023295502460694204,0.024479807697189836,0.14615658304290477,0.008656524905676453,0.038457157573585934,0.018583665909151,-0.03882009490559768,-0.10851640253268129,-0.11212312793188818,0.06345554625725537,0.030685066931853095,0.038596644179825855,-0.12065560050950758,-0.017101471322845015,-0.23645813123720205,-0.04695313530165257,0.26626336759024294,-0.031168203282756258,-0.015232000736353751,-0.11413805272714299,0.19794155381205714,0.003012345843071936,-0.06243528519004931,0.017219625212056645,0.03295184803793307,-0.19989328240129187,0.020133305192235693,0.040812363705124276,0.13240993282038802
