1.0,0.023876912645015878,-0.011045797633585881,0.02371404422145752,-0.026108612991975248,0.03091720163787436,0.04339274420459285,-0.036296830534203905,0.04181838934949633,-0.042972676955714946,0.015275725913635591,-0.028423174345688418,-0.0660391372099448,0.21415820114291081,-0.037974355656432555,-0.02461779770622244,0.11762064966620386,0.05026314474915937,0.08221159777648547,0.015075319716682474,0.05128427176367986,-0.03866246878422157,-0.017156223066081718,0.04217873614223028,-0.02806856568242707,-0.14039680536513646,0.018402510641479682,-0.08712542989263225,0.18279072400452415,-0.09153037963866263,0.0086296457580092,0.00576475019434492,0.021302271385703706,-0.09978906955483638,-0.04721495210258777,0.12936746329230892,-0.043282108403796794,0.008526663621164719,0.03431525037754322,-0.061008951865982756,0.0015102262066555897,0.03576327053014825,-0.10136664156862442,0.008103716368103026,0.026456509506748355,-0.012611503639747617,-0.04748228388366968,-0.06138545579809359,-0.021643306432970653,0.16309115250984715,0.016671755955221162,0.10283085294746523,-0.08230257743681225,-0.10466908531117748,0.017370000479984295,-0.08622901497214834,0.006344032373109434,-0.03442840516318069,-0.010053737104839335,-0.030879199954661173,-0.03903496658231312,-0.04602331916985139,0.10414684311823094,0.0031917992067950845,-0.04085447944467713,0.0019181067901839959,0.006094534715523874,-0.023003934633413943,0.05980028353659386,-0.028920444964707616,0.04715849881981396,0.021119099669979297,-0.0012394928638103744,0.044881766944879845,-0.03161197787156918,-0.10410596967689383,-0.09574861748445467,-0.034667923698754904,0.0996376944994579,-0.04012278502902247,0.046994859005184096,-0.011349405860796883,0.013582986101047264,-0.07008006429211106
0.023876912645015878,1.0,-0.040108292946601586,-0.05076456522073676,0.02991446608453093,-0.018433408558674206,-0.042589002567590455,0.02058465201507281,-0.02207122593964127,0.031125016579281167,0.06428910493946517,-0.011065466105054395,-0.05630290853220327,-0.052025332528778764,-0.03415558662938147,0.05108831413480295,0.019692928859595327,0.025821623979539018,-0.024287897763664603,0.009069232324614943,-0.06583617544521746,0.015093719500914218,0.026271311951433816,0.04130974966163523,0.02231540265875805,0.019553744681579468,0.16966948989942274,0.06070569537706885,0.03261674791808303,0.033962944650327745,0.0352037077890397,-0.02576284636595039,0.03910057400309474,0.07047569730166849,0.01340443111879108,-0.031230966226448408,0.05296987980929272,-0.0749986184140308,0.04199645361862357,-0.025277766955211892,-0.038541532619988245,-0.01862558973008274,0.026766449265712887,-0.017878693611497444,0.005265315536649614,0.08178251497315232,-0.04770341048122923,0.010818491717662004,0.023823377705829638,0.014385125705023247,0.5035582387100521,0.04549713817198556,0.045548701903314136,0.0333348325302143,-0.013182779550379713,-0.02652735433690365,-0.01057876215233001,-0.0037776388314433125,0.026768012969099874,-0.024653089735117956,-0.0371483927548039,0.02934905988528245,-0.05326738677294531,0.04515665511002378,0.0416065662011572,0.06698314569208051,0.031016387685851153,-0.09771629575031103,0.0461225315684382,0.0653146181949522,0.018655485493197,-0.08237173835294573,0.0002908069227530968,0.053905354008017776,0.018367888648522263,-0.03768599300264502,-0.010093471262478395,0.030082956131058936,0.05709900697486815,-0.05952186521550628,-0.005766650445393435,-0.023476184048195042,0.015409910747549247,0.03457885428630458
-0.011045797633585881,-0.040108292946601586,1.0,-0.049954196890781295,-0.0175590624328868,0.012897715836424252,0.17045376248575975,-0.05226927486635849,0.08835098558259302,0.011752645075855429,-0.006976780992821889,-0.05516406654424981,-0.07540414490006193,0.021013364516793486,-0.014213802991774778,0.005442643495841697,0.1265929819455202,0.02040781000496466,0.0785041321957929,0.026910450362597534,-0.04951827745399169,0.006468159046534666,0.10929139564603316,-0.024289256312628526,-0.005673848531815544,0.16654382298154333,0.18106581000709157,0.04952369589435834,0.015066582218104932,0.03687624203808372,-0.08313422435776709,-0.007668405097157443,-0.00985476822661732,-0.11190699217764927,-0.027922285340057498,0.00242403583326468,-0.030475264963128027,0.026638568996949025,-0.0035883191025154327,-0.06427392181878275,0.004020607085382945,-0.01986704124487454,0.024091777851865906,-0.015109963880985362,-0.011910084576816287,-0.0012537075457491333,0.018812996785146027,-0.00957215655981111,0.004551706025382159,0.014228872512491096,-0.05441593709924707,0.17800879609635967,0.0001642704006925759,-0.003209741010052311,0.0038069169893464256,0.007759908340350085,-0.07030419013827148,0.004258857071570606,-0.01635029239629268,0.009836061096632955,-0.017760736334971577,0.04896331654200109,0.013739294017702922,0.02239576777901982,-0.06705986411485403,-0.0017901161909168123,0.03233691552405305,-0.032676862421045165,-0.01935617789938196,0.0052966085345762986,-0.019892759350274857,-0.0024908914038120067,-0.04513626665988787,0.007396622177105393,-0.06646229054287854,-0.03319569813689802,-0.0797334942049677,-0.03460698249469687,-0.01940368153304101,-0.06139994118891466,0.0020922559218884283,-0.023928009227207444,-0.06147574972261537,0.04785501043251373
0.02371404422145752,-0.05076456522073676,-0.049954196890781295,1.0,0.01902511815580068,-0.0016500630657695792,0.040362276004264584,-0.06523746456497555,-0.01733813391073922,0.032798506023797205,-0.03803969575243359,0.10962203712006095,-0.00553154899344219,0.008255982035829938,0.023814959731655344,0.00022835831600053052,-0.018131531891923517,-0.007639244815028979,0.0413903556407045,0.2792368495996475,-0.025425388502362156,-0.029573848607160894,0.03268010061419472,0.07594905823410994,-0.04255140788946056,0.06716093771315665,-0.003305254844358026,0.08860889763569911,0.008140088818199697,-0.05346020384663887,0.032832022265819376,-0.03952793572520426,-0.031272834198636947,-0.018553984704661294,0.022180024032053026,-0.01263235312642818,-0.01914466105328122,0.02234659557541663,-0.014692265626096428,-0.049373521260732196,0.021611981208498686,0.01795379096326974,0.016051822428673358,-0.017166312225280998,0.06590405903126408,-0.07043375658913692,-0.039935943209840404,-0.020505477666234645,0.013377894964460057,0.0493779092854046,0.044824858601323465,-0.08059698279166133,0.40857116609865823,-0.007573053089296668,0.01030272351758867,-0.010093320471958482,0.04987606964551706,0.026944499311587194,0.04030623314045085,-0.0069306263712371865,0.007023659658058306,-0.00444591282990907,-0.04643649345615968,-0.012144959346190162,0.03158778375690174,0.011570732082110173,-0.02248016644582017,-0.0027165040284472725,0.04404628309210682,0.08745725252606615,0.07875117334430723,-0.03342058663040576,-0.01804227883216418,0.012105578407633618,0.04354961581648551,-0.024180351866541275,0.013174107616669645,0.027433764384065192,-0.0009120860139524814,0.03036573705800063,0.09904785952964124,-0.08027296877136464,-0.009889894899932373,-0.0453197456559166
-0.026108612991975248,0.02991446608453093,-0.0175590624328868,0.01902511815580068,1.0,0.08696084620657107,-0.018028294771853016,0.07300651364510094,0.004752112434169849,0.01988486335326717,0.027169706671662863,0.007775965492174962,-0.012862328470602369,0.08646013986213912,0.002522653229006239,0.022371347951035556,-0.00933591350784037,0.020115131505070126,-0.028510949415969152,-0.0031298661633241977,-0.05629426043221959,-0.0030230790304230453,-0.05172962998353999,0.018871284266130103,0.048097431264682834,-0.010165151575868782,-0.05685761966866214,-0.07723991064988348,-0.027614194864631614,0.010461347940597424,0.04169230700198071,0.23068810496302208,-0.00219419533742589,0.014129593098217944,-0.030320183369581682,0.11859461823906292,-0.038979584201523594,-0.020881163284718274,-0.028649835587284758,0.052932627984827396,-0.02577403827549073,-0.005317153624314856,-0.02113735430608652,0.015060192280651426,-0.0056607333895665034,0.036004857447350484,0.03054783246285639,-0.027427628256980183,0.00811328528484144,-0.05132139915629364,0.014379562395841391,0.024053361262597495,-0.002808431181425461,0.12477107658170666,-0.08991780113312696,-0.036514553372926806,0.08472082536754068,-0.025369582546086136,-0.062001799714485294,-0.024551844718087003,-0.07303483423594322,0.01039693555127502,-0.04557743455451857,0.033182423865932,0.010048838795482476,0.025729643629786407,-0.05923173849261878,0.010570747759569203,0.011651925098904819,0.04174296209137254,-0.013373742356163534,-0.0577766969395124,-0.027057555498666924,-0.0836991519261728,-0.011198324753079903,-0.00559182442963978,-0.009971050141379093,0.07482051036520532,-0.06503153933296046,0.04070146256969653,0.011409932481864362,-0.023889081403421067,-0.002833631178381577,0.0432229226131278
0.03091720163787436,-0.018433408558674206,0.012897715836424252,-0.0016500630657695792,0.08696084620657107,1.0,0.01607533742872323,0.23034467219704172,0.028259448721935445,0.13872660897675135,0.012304562411043211,0.19090709277496545,-0.03687986798042424,-0.07040712027896434,0.11505196304056003,0.07449100271359241,0.02877407480300415,0.030556875926424653,-0.07056668251851397,-0.031786911265586505,-0.044190113970485945,0.001430315729441941,-0.028201105985545066,-0.05491684182993621,0.02079644068323176,0.008084367780882607,-0.002739094556719312,0.07626888240114996,-0.009404384494702956,-0.026873435657436037,-0.007067437035757368,0.05368189512739566,0.06268926625250805,0.031759637809627865,0.09078711841224836,-0.04011811620705989,0.009036892062992375,-0.0020944532202638614,0.01950181995417617,0.02337793908253478,-0.02821137566060096,0.026352975878846358,-0.012118800254129855,-0.036611321616902934,-0.015774821673912184,-0.056060989389830534,0.015316282899197417,0.05133820310404746,-0.016311615181832134,-0.0005835937558358915,-0.03609192973751384,-0.018703353450792434,0.037716768817946854,-0.014614394808407299,0.26553113507922266,-0.0013951479734534693,0.09914810775806022,-6.158411875717079e-05,0.013973797517949771,-0.0711347897059027,-0.003995067916232032,0.04574493968425165,-0.08755670445025941,-0.05232915779534519,-0.02596788571001427,-0.005564775630550002,-0.008195372016042026,-0.03086551931411394,-0.06699454975768578,-0.05262496645550634,0.01389381532563928,0.048619214439937136,-0.02233635776034743,0.0651371920298502,0.005025009108549405,-0.0011914624247246377,0.023430775650436667,-0.02188508551460075,0.03164974613398901,0.035185757730862986,-0.030700098357463346,0.026211185990651704,0.016583529248252585,-0.13192300100294946
0.04339274420459285,-0.042589002567590455,0.17045376248575975,0.040362276004264584,-0.018028294771853016,0.01607533742872323,1.0,0.0907977079425094,0.1219090034054691,-0.004295628354600212,-0.011373742852070065,-0.012280823349646135,0.030246497025992865,0.19182542605008387,0.006249730633747493,-0.006133953314464366,0.02103657775564054,0.06981926875390368,0.026889637404381973,-0.07490364915432297,-0.008669348474079271,-0.04467234792698656,-0.009808042935156403,0.07198161693987011,-0.031818951093096966,0.03131328384655595,0.10673310391799597,0.12433226685253893,-0.09059454934778316,0.08487992804501278,0.07213221037340904,0.009347254316127833,0.006363880322885945,-0.10216369970322815,-0.03667193565882421,0.0004488621574418783,-0.0121591309661317,-0.016225351146077076,0.01792342425186944,-0.061622034321126,0.07500960521949941,-0.04136978555691122,-0.044833029809363566,0.011875733130475475,0.011275167515680369,-0.03157917884515779,-0.04884945386560208,0.03922380333557367,0.06224144531558185,-0.025948984448849518,-0.06268804810557468,-0.04828528178855475,-0.0240955976366482,0.028282696493964355,-0.041838264463522505,0.20886589897786492,-0.04831637307899046,0.02378767759281313,-0.019265627600049053,-0.08706348263108078,-0.008564654210689256,-0.006392085328865628,-0.01157305948398406,0.07442416275018097,-0.07695335695290241,-0.04369592989310227,-0.0164236549411032,-0.017183013056741442,0.026425413889848513,-0.030482701538044367,0.07989116200440306,0.012147458063527006,0.027772397473323,-0.026843007050939376,-0.057833896198945675,0.05511510562382944,-0.12765095939434612,0.0032393777396996625,0.012847133884107076,0.07478676201162297,0.05770580035543291,0.0668753658364629,0.018361541383063694,-0.022954324824169384
-0.036296830534203905,0.02058465201507281,-0.05226927486635849,-0.06523746456497555,0.07300651364510094,0.23034467219704172,0.0907977079425094,1.0,-0.03306973050159252,0.0748778760947288,0.06634998953218244,-0.024559569483710124,-0.031134013764397915,0.1337521581446914,0.09523384264001669,0.03060958542925966,0.07512429280861375,0.043335060395491044,0.030080366180869487,-0.014388176564275124,0.032682802117929274,-0.054123720405808956,0.029563012676117696,-0.08085596383337545,-0.02242337907525107,0.029879084614894965,-0.05494459239206545,0.04761136082554362,-0.053751457736947,0.1664065293425103,-0.01879885685746284,0.08288524127101407,-0.013886629797436871,0.017626921015907952,0.007840927421196475,-0.0462540693454092,-0.02832029913175337,-0.04496442879154406,0.05995630380513134,-0.030380714264124944,0.01829951807772031,0.04487705412851256,-0.0073605055203685085,-0.09270048660869229,-0.02124671128290955,0.002192486510105391,0.03622315719028209,0.030445175622657437,0.04642925426709163,-0.048581447562905715,0.050633357060874296,-0.007349298970937214,-0.07055375857389032,-0.04379962940523789,0.043787529918288104,0.019175092173147265,0.09475154854691968,0.08347813923196962,-0.11525724062256447,0.019028358721135386,-0.033635346878786394,-0.04873057942759066,0.08964906132950133,-0.008724956417611507,-0.05564831874129963,-0.03831155392493878,-0.07652636282090705,0.0675318229672293,0.0879864875469301,-0.032735151613657094,0.01849689669118682,-0.028906621966644227,0.02376064444367268,0.020295849298493204,-0.0460207075439401,-0.10127616625566398,-0.018853149049041472,-0.06034693954684776,-0.04396446695385624,-0.049949635438455625,-0.09680856643324877,0.03414682409381784,-0.014762265878553043,0.012661296143917249
0.04181838934949633,-0.02207122593964127,0.08835098558259302,-0.01733813391073922,0.004752112434169849,0.028259448721935445,0.1219090034054691,-0.03306973050159252,1.0,-0.025289517584383293,-0.019451926724326662,0.04388977105590689,0.010812292279822847,-0.02911394142458152,0.15914804489180542,0.00900617092323576,0.05155643475077931,-0.020616226694922565,-0.04973250987834997,0.03898374436436085,0.024151645927721344,0.0507512682246322,-0.007546511486381874,0.17267848926908275,0.008380271972623836,-0.01988789310827954,0.0422353007808601,-0.0671679062198527,0.025210323217492885,-0.058953432173430194,0.019372870251478717,-0.011345238398710088,0.03604280024293705,-0.02087226293340411,-0.014590243724451519,0.031171796134137467,-0.055084991971947654,-0.023746984667327692,0.011016136613965919,0.061056368367750594,0.02155620372040136,0.008840942182714532,0.006803041468861274,0.007400695333510529,-0.0176589588263862,-0.00422922715212769,0.019627785266386248,0.004592235117031629,0.052280801793619006,0.001614432746634426,0.020574301618991445,-0.07249723561862967,0.005650313432846496,-0.011575709360376534,-0.027855094150146146,-0.009220388095836503,-0.03224627557166539,0.360470224412249,0.0024382173226881526,-0.0065769936359340855,0.0328143247228037,0.0030579134618727733,0.041523157324892083,-0.0643015678867709,-0.015146818214289624,0.032508206182334604,-0.030185559928376328,0.012734465334830828,-0.05165562182635484,0.0713537794883183,0.0007885298777226688,-0.04414888206410855,0.06580403553687776,0.050597795270582356,0.01809996887848853,-0.01318537252685965,-0.050563622963998,-0.011844276400618107,-0.07100914208271764,0.008712651716977526,0.013345534895767112,0.015450915016917218,-0.054361994441285824,-0.033990495790084146
-0.042972676955714946,0.031125016579281167,0.011752645075855429,0.032798506023797205,0.01988486335326717,0.13872660897675135,-0.004295628354600212,0.0748778760947288,-0.025289517584383293,1.0,-0.018136488742819347,0.11843702916990179,-0.024166984441626568,0.1022121027677913,-0.009332214959536617,-0.0513026216048538,-0.021055749857985064,0.02388379039722671,-0.041817840728324576,0.04705443946685613,-0.012793967856087595,0.0339602158530492,-0.0031928769984041435,0.010618743307913816,0.06380705993155733,-0.05173397954257582,-0.013343863535578438,0.14042671613046084,-0.034574721294965964,-0.014983123095589343,-0.06248177793618598,-0.009711472709891356,0.055739600029302575,0.01283383480864295,0.021307797694727248,0.0423311838232457,0.026125267620270703,0.030039193292676063,-0.01138945284776507,-0.034250935965806355,-0.03522460933924213,0.009134134593158691,-0.052995778567384265,0.01647605041879448,0.038595678477760166,-0.029905893398575734,-0.051816322786523095,-0.011755401080144156,0.05629374853047314,0.10117296931651333,0.012650796268956587,-0.019395581053467444,0.020683072733094925,-0.0630946123327566,0.0747023399408012,0.011295944485996632,-0.00777137404992368,-0.0033415853852200414,0.40272239486500205,-0.07114351930154231,-0.02348740858274328,0.0324602038775031,0.04447686497604635,0.004952650250501449,0.07452596812933089,-0.03665248275484286,0.030678472459545372,-0.061883229160093305,-0.015195505157306997,0.016200000040740344,-0.0848601584781393,-0.0032248781384008295,0.013469449887026504,0.00977766814289823,0.01890546483816361,0.021274479207468566,-0.022496297419055563,-0.047257154223546455,-0.014005568804617655,-0.001472510326088909,0.06686229386914906,-0.00762704144543141,0.060460615323980275,-0.06623151318882801
0.015275725913635591,0.06428910493946517,-0.006976780992821889,-0.03803969575243359,0.027169706671662863,0.012304562411043211,-0.011373742852070065,0.06634998953218244,-0.019451926724326662,-0.018136488742819347,1.0,-0.017888104077321464,0.20794978412279438,-0.039414809432388696,-0.0010730825924700137,-0.015328760158999059,0.0017279488847372348,0.20464087520627947,-0.008321828875869264,0.019813464825229637,0.04688943073783388,-0.005509268308720873,-0.05604593324873824,0.025576917774125112,0.0032474671559963976,0.02393612861622441,-0.028601036485817178,-0.02950383003610851,0.016469157417342443,0.023596795482161672,0.048121106717658395,0.07753826456106112,-0.022040084042532392,0.1391359386136115,0.013846689285386682,0.014370354054940694,-0.027053378465543277,0.07780848303742759,-0.03476196095948849,0.03955147884158763,0.059730846664471704,0.02211274048091084,-0.010164184694516402,-0.07457856881889058,-0.04766801052320917,-0.005944223058940108,-0.15027584799333749,0.014280818690444617,0.020356467895746376,-0.00811114139003621,0.013731565428779647,-0.04322972557680627,0.02899014820157695,0.012913579372631422,0.04407773843145507,0.012812320965779058,0.012516867473924399,-0.03180534349370696,-0.013901879239222628,0.2185792009446318,0.01482635837993618,0.051038942017344636,-0.008337384778721386,-0.002156276933713911,-0.08975911716906203,0.010266147043802661,-0.0468747740101239,0.054720735197481045,-0.0012209637208298548,0.005250374298845824,0.01075810303151708,0.034388663032733004,-0.012839184903566168,0.05602592825480126,0.005322111900702747,0.019870942729919402,0.0307137327919413,-0.019569696200089824,-0.10477725269826245,0.06945318664382864,-0.11191261755671406,0.03465228016750599,-0.08567850963564803,0.0010864682613165987
-0.028423174345688418,-0.011065466105054395,-0.05516406654424981,0.10962203712006095,0.007775965492174962,0.19090709277496545,-0.012280823349646135,-0.024559569483710124,0.04388977105590689,0.11843702916990179,-0.017888104077321464,1.0,-0.027974788794894012,0.04270206207531179,-0.043001500343504494,-0.0011094775413781886,-0.02201087632366282,0.07293020344754489,0.07435849621679215,0.2417685723888869,0.02288681132663236,0.01326732772923768,0.02440480772293404,0.0216943011100592,0.018575240773505603,0.025993262983275117,-0.024500778910796703,0.01002990645130454,0.026343168989013368,-0.01574437920716956,-0.04332912233018865,0.07744582465764903,-0.06715042396134482,-0.0229912598718196,0.14872089666356086,-0.030778893242019278,0.007406400147454593,-0.0727993962989098,0.026286553722505258,0.04428939434278294,0.007012484685041188,-0.03998526101590485,-0.009661255041459444,0.09330111082330453,-0.01846086426515674,0.01758722253666797,-0.02107350998299905,0.04277022973202569,-0.021316245985507094,0.014632742527882893,-0.024271996935172718,0.07653019632953742,-0.04356019271752283,0.05660321354879169,0.017858986281453063,0.006404961301898305,-0.029539530303420998,-0.013626820392426228,0.022915800362407677,-0.04242235617500067,0.3057085399785716,-0.0036907377566868203,-0.014457641120674459,0.00138822028185217,-0.008946179657121876,0.031212710328628195,-0.04924918453763833,-0.017816831273125465,0.06299007474013038,-0.008220608031345826,-0.011581973012224,-0.026996818694994148,-0.01884081359793347,0.022257435027158233,-0.03258720099302675,0.025845590676975252,0.003210181158890609,0.01257576283867735,-0.004153408515922687,-0.0018605504636079726,-0.05519590607186862,0.03708616461729894,0.04936213524363245,0.003248792908521649
-0.0660391372099448,-0.05630290853220327,-0.07540414490006193,-0.00553154899344219,-0.012862328470602369,-0.03687986798042424,0.030246497025992865,-0.031134013764397915,0.010812292279822847,-0.024166984441626568,0.20794978412279438,-0.027974788794894012,1.0,0.06781149358596114,-0.02140108554770327,-0.01690446085216649,0.0006626865143259144,0.0919735718470473,-0.034072197678139904,0.08307493731104067,-0.007272747269633552,0.03903977351052805,0.026883350855507283,-0.040820947025344834,0.15617489857356248,-0.03363808768764708,0.09326654527316754,0.016478510675260037,0.018521184225528817,-0.02793253037348062,0.07744038995222828,0.017267137587018543,0.0016349086442619168,-0.04569796694335272,-0.036247270866433,-0.006455849323107682,-0.02047593562513031,0.024832204650891903,-0.0015930462634454413,-0.02216163525842816,0.04470728997541888,0.2105566417736692,0.003165664406664147,0.00010209415939358472,0.0005054494544396305,0.011327410325920132,0.03626720966163487,0.06741500671377693,-0.031709318053346605,0.022889652382185856,-0.004234530657710939,0.013992285557076543,-0.00547023902752171,0.020478917117552693,0.03379694874208839,-0.03832480997903496,0.0036786655582876347,0.07897082574526242,-0.019706772015209543,0.012903033105500011,0.0051283592150973435,0.3512118309497659,0.0022452688007887816,0.013149407970184466,0.05019251124301566,0.04126675722154038,-0.019290452134007895,-0.0020433631017080997,-0.03972010903469786,-0.040668123821069796,-0.02285116964654826,-0.005432133291494686,0.007699858694207381,-0.010825797763594795,-0.04853371832335619,-0.02700838658738964,-0.0013492925119396328,0.015689332118703946,-0.013004180222131113,0.050366754309035935,0.03583539775580425,-0.032765834037806627,-0.048251542117110004,-0.04021266934499175
0.21415820114291081,-0.052025332528778764,0.021013364516793486,0.008255982035829938,0.08646013986213912,-0.07040712027896434,0.19182542605008387,0.1337521581446914,-0.02911394142458152,0.1022121027677913,-0.039414809432388696,0.04270206207531179,0.06781149358596114,1.0,-0.11831826995246568,0.00907575229375761,0.010045972177494072,0.09639938249990487,0.0230703434326536,0.02561326668282091,0.019872021148786143,0.04396545927509954,-0.0070849683322029375,0.003368966383423249,-0.010778285776202432,0.06117356500687074,0.07438656754873056,-0.059725457520045475,0.2992333921858081,0.03925851511739668,0.003417682006717727,-0.04936926427561381,-0.03331443357937337,0.03555992192017671,0.026729429256750873,-0.03976510575501435,-0.009926080389785472,-0.021298965245833593,-0.02726061748499294,0.11129002338848308,-0.03634304603380987,0.032981363784813734,0.047117265940865335,-0.02188636308017876,0.0155289437235033,0.043953790397849975,-0.0660311000295703,0.031914077522266174,-0.012850519858473384,0.06263641545914873,-0.09157438352495252,-0.057865251971108776,0.024248900551389743,0.021249757817568077,0.013816026094819104,-0.011206722291114328,-0.03581276924490155,0.043774367458617465,-0.03323078766656505,0.011966544902109485,-0.03479955452548076,-0.027323239702900032,0.15736866783624137,0.03484357994006792,-0.02534233277104703,0.005199862774074079,0.07166476796159477,-0.08011888929041762,-0.06900238245586805,-0.020769764604369773,-0.00473667758659821,-0.04691287012763221,-0.026165222105769274,-0.024616723412322798,-0.01589298639311794,0.05790455774111027,0.04630697010887218,-0.054282848546473896,-6.313917721865169e-05,0.05446993031802912,-0.0422965592197181,-0.05279610127959747,0.04627304618383783,0.0518940978072416
-0.037974355656432555,-0.03415558662938147,-0.014213802991774778,0.023814959731655344,0.002522653229006239,0.11505196304056003,0.006249730633747493,0.09523384264001669,0.15914804489180542,-0.009332214959536617,-0.0010730825924700137,-0.043001500343504494,-0.02140108554770327,-0.11831826995246568,1.0,-0.05961092720409845,0.02948130161194334,-0.03054211055525781,0.051388823090747826,-0.009553542889755738,0.0356789693706032,0.020318858555597917,-0.01670813910863538,0.0688138310641419,0.06019460020215786,-0.02429366161054732,-0.0021087506275595837,-0.04233641164766931,-0.005411135357804513,0.028692688354544627,0.08014699085184147,0.0078114842203142005,-0.017335809370048826,0.012848986668263005,0.04924274159699915,0.025871048520820176,-0.059354668448954116,0.0013579765463655245,0.03778793584898485,0.24083923080642114,-0.09586224299199113,-0.0013201072626193733,-0.020897227342788198,0.061279319864877405,0.007942639855256188,0.010356297319615324,-0.0027628806088973476,0.03156449350275616,-0.056600752178367644,0.04807600030187547,0.008406561877013758,0.013677959472992676,-0.014787582368448392,0.007199816516264664,0.07316978388315293,0.062122977076101586,-0.05337861993125135,-0.10118446264625713,-0.06648990764929447,0.021998582711789415,0.06982386328272554,0.013499197927049745,-0.004812742786244862,0.24899120624668344,-0.002283716919469871,-0.0510983416528405,0.012729270675865769,-0.06734551778740641,-0.0023834749695731358,-0.005561729751382394,-0.02811446261428378,3.565353498090883e-05,0.04305986471607591,-0.04104825577044477,0.004076752434144213,0.02705120315870518,0.012509375476202827,0.053232609961270744,-0.027301010464859294,-0.06098992361620233,0.01975095503711795,0.0694638910477694,-0.014748864538779424,0.010746376247387517
-0.02461779770622244,0.05108831413480295,0.005442643495841697,0.00022835831600053052,0.022371347951035556,0.07449100271359241,-0.006133953314464366,0.03060958542925966,0.00900617092323576,-0.0513026216048538,-0.015328760158999059,-0.0011094775413781886,-0.01690446085216649,0.00907575229375761,-0.05961092720409845,1.0,-0.08700390693631581,-0.05907075244691288,-0.0033692707631967247,0.04643900153174378,0.0577837031226576,0.2148360701775604,0.1408790794957064,0.055401122024285945,0.007610753971955776,-0.029625084141279602,0.03130066433815189,-0.0011988514205061543,-0.02147727495786015,0.0027655143724741103,0.04895339737565229,-0.07727817602834533,0.017786106941164694,0.010765471568770649,-0.058396663624992774,-0.0072174815093995984,-0.03786594597865665,-0.009940615099976883,0.010414187472363027,-0.005550365042423492,0.1193501907558286,-0.047216109225474014,0.022581221337705893,-0.004318656039185474,0.011514425600764712,-0.028802877121014394,0.01757241749125388,-0.06438120383037424,0.009183157562789786,-0.02001473083193886,-0.06612063162295345,0.023779416526882317,-0.02623173758080202,-0.05817102685261305,-0.027075910115251435,0.03214374476486679,0.01487524496261012,0.0019474662294580048,0.03587422372788572,-0.01622422792200781,-0.01396076940356152,0.004486521070360976,0.02217170301479368,-0.0348282066000794,0.5430921165892653,-0.02218400207276054,0.06494731569116091,0.010977035846888836,-0.022907705021850713,-0.04020601597388424,-0.06815594132231921,-0.009073710774281523,-0.059682726057284086,0.0005086244381626593,0.0007804332872595545,-0.016657272297815048,-0.08394892374117094,-0.01148549967281164,-0.03933677451263753,-0.002757589088625615,0.014561176737732783,-0.03283869347454421,0.05921383938652151,0.0016026609601080127
0.11762064966620386,0.019692928859595327,0.1265929819455202,-0.018131531891923517,-0.00933591350784037,0.02877407480300415,0.02103657775564054,0.07512429280861375,0.05155643475077931,-0.021055749857985064,0.0017279488847372348,-0.02201087632366282,0.0006626865143259144,0.010045972177494072,0.02948130161194334,-0.08700390693631581,1.0,0.014007158575342613,0.3516774437459487,0.036989957732022884,-0.00039424867982999946,0.03164420854553319,0.1380260373978121,0.0380348778456025,-0.06813597716169985,0.12650735080346898,0.005840030424822716,0.0713808735672317,0.030391147971264125,0.06728543294333027,-0.018141863920390393,-0.0023297702314996997,0.0017307175158058786,0.1168324481658117,-0.0254087984241719,-0.005390530115826715,0.05833678059856975,-0.0015630573016497588,0.05021550389262669,-0.018221222637684286,0.028984167929884407,-0.05035634266669607,-0.017346373118713617,0.03806248656781755,-0.017426244656803144,0.05826918045915561,0.005009394732415145,-0.004460737200513167,-0.0829618969640296,-0.043834133625983956,0.027019504513662727,0.009294080118657752,0.011381595756828611,0.03437892073993112,-0.024048349015485245,0.053757976935113916,-0.00368564207062572,0.0017441163861968815,0.052573802011327754,0.049915849612034505,-0.008501806512445845,-0.023056277805737282,-0.03591931558674591,-0.019826689421223478,-0.013384706329152693,0.13905712125575162,-0.0708732217885574,0.10782722046703715,0.023227048842023444,-0.0024926570281783105,-0.05441621927786087,-0.0070669193622371765,-0.06259437836728793,-0.03038786838064338,0.006173534159606726,-0.0347175739457519,-0.06109633061064796,0.010859583096095029,-0.010405113280595875,-0.0021673535469959905,-0.0005673276456591159,-0.00425769022496788,0.0069446997789932245,0.036152552656538474
0.05026314474915937,0.025821623979539018,0.02040781000496466,-0.007639244815028979,0.020115131505070126,0.030556875926424653,0.06981926875390368,0.043335060395491044,-0.020616226694922565,0.02388379039722671,0.20464087520627947,0.07293020344754489,0.0919735718470473,0.09639938249990487,-0.03054211055525781,-0.05907075244691288,0.014007158575342613,1.0,0.25308017441349456,0.0076778517016314165,-0.0030602121827677893,0.03424147679062554,0.059314200065356794,-0.02288830091419514,-0.05568458308507022,0.11154986066140717,-0.0335557536111589,-0.021299159577522705,-0.058079104542007286,0.004691585918455009,-0.026577163412602526,0.016163543914589965,-0.00758812784692185,-0.04068435714387446,-0.029465076627019755,-0.03471905759078675,-0.03967996946652428,-0.030389372925133943,-0.0041016347255489975,0.05087436626363518,-0.021742529199649623,0.016722332891758732,0.0479167558253379,0.039622530296046524,0.06049363322569868,-0.0429027398659651,-0.027397022130854265,-0.01844084091360088,0.00714387066498862,-0.045017946184024916,-0.015258578728515581,-0.047050143664052226,0.01522804786086599,-0.019300938247452847,-0.011350041187931646,-0.10187519568848791,-0.02934879315257688,0.010148094365133831,-0.002309221085558985,0.015498516537326664,-0.061630299343803124,0.07568653707927842,0.02135504663959487,0.06656032143670368,-0.011135461831582306,-0.030605804220798827,0.24795425730722195,-0.051316064471716986,-0.006626889368450413,-0.053700699704915714,-0.021284916809785948,0.04112641002829245,-0.035625750425764234,-0.02086956609207017,-0.014342692582138347,0.02051494535394367,0.007727994100220804,0.018659149135946032,0.008335034437651217,0.06153871671787964,0.03750758323244241,-0.018205554204479904,0.0175298490744467,-0.020670779358594564
0.08221159777648547,-0.024287897763664603,0.0785041321957929,0.0413903556407045,-0.028510949415969152,-0.07056668251851397,0.026889637404381973,0.030080366180869487,-0.04973250987834997,-0.041817840728324576,-0.008321828875869264,0.07435849621679215,-0.034072197678139904,0.0230703434326536,0.051388823090747826,-0.0033692707631967247,0.3516774437459487,0.25308017441349456,1.0,-0.010765026554757253,-0.11965400822971459,0.017540599825007275,-0.005315606077491925,-0.016192193644347423,0.04850617391905707,-0.0025877091560802634,0.04260658585528166,0.05855199834859892,0.0190501766360855,0.015907626192182944,0.013164784734747957,-0.0679869846531056,0.03805780819021172,0.06590321034426437,-0.042357333658554784,-0.0023374987653376742,-0.022973226171432964,0.0619898353476267,0.008369763423095797,0.03026687345046329,-0.04377642063875054,-0.023616668654630496,0.043916221600907177,-0.04602613075043855,-0.05255631349672219,-0.006804372079954668,-0.011667485771922207,0.03116589845944673,-0.03595715155758356,0.004772347638799953,-0.04416504330643356,-0.10282700762118185,0.005204038640992599,-0.0437929108293815,0.015368236378518885,-0.017177083602485127,-0.021413983855984316,-0.033189099810310055,-0.02098459683447328,-0.011190209455021145,0.009600817093429312,-0.04921054112707264,-0.018972411947031437,-0.04345618107448775,0.07700377076748671,0.018705032471110994,0.0752986402097881,0.1505443274923803,-0.08228155544476651,0.033936305341423646,0.009984598702203617,0.006372625721029228,-0.03680164714230947,0.016988659560126428,0.005013769354802714,0.006761910557103144,-0.029257345330295514,-0.020650061015754253,-0.0909868654858663,0.01247625175973902,0.07557668429128206,-0.019233664593907157,-0.024337916519866255,0.06926616215113734
0.015075319716682474,0.009069232324614943,0.026910450362597534,0.2792368495996475,-0.0031298661633241977,-0.031786911265586505,-0.07490364915432297,-0.014388176564275124,0.03898374436436085,0.04705443946685613,0.019813464825229637,0.2417685723888869,0.08307493731104067,0.02561326668282091,-0.009553542889755738,0.04643900153174378,0.036989957732022884,0.0076778517016314165,-0.010765026554757253,1.0,0.02957078826482318,-0.08197543212899441,0.011114251963007495,-0.066648675866978,0.02106127967095644,-0.01803360931746585,0.04271123323847373,0.004698017096911502,-0.054911364519573846,0.017413456224300225,-0.03021610497467638,-0.03606340570520454,0.07413686556027718,0.020716879467903494,-0.008496371161602284,-0.02076350345279798,-0.03783679090838557,-0.016513897026645793,-0.005916656813726473,0.06482781672082118,-0.031821040857376054,0.014364466250255429,0.0332688479252306,-0.03668509051218265,-0.04195971151560207,0.04132239005921857,0.0024859584373910816,0.028194231539212754,-0.005845686785250005,-0.046395115718845976,0.015115859975127056,0.032498574204517565,0.11085790253656676,0.014405023467824154,-0.020567295880244606,-0.06589365144548434,-0.050807025111847835,-0.10145121971508528,-0.029728520455982954,0.03289349891843816,-0.04382231543708547,-0.05691361005955319,0.062188219417317656,-0.02283086963553355,-0.053511539913667486,0.017382103855287746,-0.01699126109304765,0.01986356015519575,0.24184868363449616,-0.045707552631710564,0.052617865517245246,0.028086511239573692,0.04406708718087827,-0.03720411942490372,-0.02903252714347553,0.044934520775407966,0.021475059756405783,-0.06209201357140862,-0.0004174373635399336,-0.02265395054554621,-0.03941967033340777,0.024237495439220307,-0.05173903465413887,-0.03036059024222753
0.05128427176367986,-0.06583617544521746,-0.04951827745399169,-0.025425388502362156,-0.05629426043221959,-0.044190113970485945,-0.008669348474079271,0.032682802117929274,0.024151645927721344,-0.012793967856087595,0.04688943073783388,0.02288681132663236,-0.007272747269633552,0.019872021148786143,0.0356789693706032,0.0577837031226576,-0.00039424867982999946,-0.0030602121827677893,-0.11965400822971459,0.02957078826482318,1.0,0.0023779763847540164,0.3593520777956388,-0.05122961857814097,0.02160080601610598,0.023556777695872114,-0.015712356932812917,0.08782720621649898,-0.009866333415702646,0.10633474958025824,-0.044250696761368134,-0.05246943619615161,0.05396396223762685,0.05798406040689303,0.023700030640590647,0.01409036562451465,0.024499945025267623,-0.05583251824538577,-0.03258158482016673,-0.031682583400779334,-0.06214997784665474,0.059716335074556405,-0.03922882879675142,1.6323149775151672e-05,0.07256817561617875,0.015134971167585382,0.05766768363979752,0.06598238642609636,-0.09768413945976814,0.0672172403070049,-0.020853454528293083,-0.05629424618761648,0.017432627175842038,0.03370856096410433,0.030936645718096623,0.0524878032812569,-0.04700763218796145,-0.06457612594451001,-0.04243192967303769,-0.009593414286710969,0.048026312339420986,0.0019806167104123753,-0.022002486080766343,-0.01002803958067927,0.028936566990547523,-0.06222289200338163,0.04997353023076786,-0.011590015370689483,0.00418951301006433,0.3029027586589023,-0.03712775463875175,0.05749876295128998,0.009531427103520335,-0.0031401501857285597,-0.0224869819295443,-0.00032711957654777584,-0.07865464279700349,0.029663890314209306,-0.07442506551530896,0.02767322374070569,0.02734547365016411,0.022177002239806985,0.04537281609458863,-0.048674733602314973
-0.03866246878422157,0.015093719500914218,0.006468159046534666,-0.029573848607160894,-0.0030230790304230453,0.001430315729441941,-0.04467234792698656,-0.054123720405808956,0.0507512682246322,0.0339602158530492,-0.005509268308720873,0.01326732772923768,0.03903977351052805,0.04396545927509954,0.020318858555597917,0.2148360701775604,0.03164420854553319,0.03424147679062554,0.017540599825007275,-0.08197543212899441,0.0023779763847540164,1.0,0.057182242752965004,0.0627096306908856,-0.027246739968415347,0.017414778521586724,0.04987789368471304,0.04657278813129498,0.05184059134572751,0.09768162259260367,-0.07578020543332369,0.06702286639530511,-0.05655484147128092,-0.031076858734231824,-0.03794534922598307,-0.009571493644702944,0.013003089879778607,-0.020470072897680464,0.061908088838020056,0.008549169039620727,0.022617052680181243,0.045240336347238924,0.0480701912801708,-0.046095461581259205,-0.03450403500512374,-0.042953616702846587,-0.03209793379653231,-0.02191549311484889,0.027386750930176357,0.0013164525251679658,0.09360520530013695,-0.026498451496769958,-0.012307183470036053,0.042441646649322255,0.0182822933045818,-0.031095893802843853,-0.029024783571412697,0.019976176825053555,0.03340556466889897,0.0030272158007157144,0.012906617223324361,-0.030095312782408314,0.01001148006949938,0.05325018361155787,0.007846549946402617,0.0018628495886800016,-0.034331590686720946,0.029675458272477518,0.02649251859248559,-0.028355036609024522,0.4830022790103771,-0.00834069941345303,0.006605067377939013,-0.04295295442085645,-0.03621504222107472,0.008312225449987205,0.014819627019890714,0.05742207356633415,0.06347276965399119,0.029612839242809292,-0.0228263689468941,-0.018965820852194667,-0.028726293094401393,0.032382396507825956
