1.0,0.009922369170003296,0.02360559690732238,-0.018238551676253392,0.013279690185998325,0.010707909926519663,0.036213596485126044,-0.021273120071478944,0.0025404931855481237,-0.01926962825371865,-0.019448581760655226,0.009652885344435992,-0.006014704819783692,0.1626704382967008,-0.005851776897734314,0.01915961535621532,0.10204991847652205,-0.0018028580069991498,0.024947759681017395,-0.002625553813115858,-0.02904920807607329,-0.0078014861402009765,0.03870135756107194,0.008423722475684325,-0.029045077736397095,-0.02815155773223769,0.0033248816274222513,-0.026490475557400073,0.17075617413603542,0.03590283024554641,0.002606628136642442,0.010063684822477966,0.03523054659071127,-0.019285973537626913,-0.019602814303549546,-0.001443917807204428,0.013319386405846892,-0.0007764578646810367,-0.03443316100313351,-0.006379876548168799,-0.016232965025760476,0.007190037230162709,-0.031333977119788255,-0.0025072677173967398,-0.0062902100770852905,0.002520981149089351,-0.036660147915098334,-0.019163673280538328,0.010791182398509541,0.13406356177469972,-0.02524503534531485,0.015587458547202905,0.011465516283112284,-0.0269146252804361,-0.013554825212762528,-0.014654791020513454,-0.023596858624853546,-0.04102257367667059,0.026942676424675422,-0.011610867856863832,-0.002114526566126152,0.008707754836035078,0.07210349122554217,0.014029131867782077,0.00042306613607471437,-0.014396961059967857,-0.007604861143959058,0.01676083190462749,-0.007951748475743434,-0.010170794128323545,0.01581438540708092,0.0032733170078634156,0.007982971163947581,-0.017143318677394583,-0.02916195346901823,-0.01826958559218555,-0.024230623193232406,0.04357807791164042,0.039262297307585896,-0.015807539613045957,0.0018745746459756841,0.004458701785580293,-0.03200937496269151,-0.01732208297633366
0.009922369170003296,1.0,-0.03204602235013806,0.0024940272643259936,0.03690727639304044,-0.022300288390900074,-0.025573033196703468,0.03611755460014277,0.008457122579431644,-0.024940043908662987,0.005826480071852433,-0.0165867324396459,-0.009699257154463691,-0.010504204150003816,0.03773878078361356,0.023295674231658334,0.012985771908519364,-0.005665315517672971,0.005967358556591324,-0.007171583060757415,0.01613613000813229,0.05495584729024885,0.008518928728009304,0.010589669486673234,0.050053517724187584,0.014333780917502419,0.0740108940652827,-0.011884322863281315,0.007162940433175967,0.004202260735454204,-0.02470399284198216,-0.02830238091631833,0.03512610732609093,0.05860902117704491,-0.016431735087159234,0.01917285821200605,-0.0129583049159223,-0.007318044050429909,0.04157426379836586,-0.019102930127592857,-0.00769776207094832,-0.021266259557927478,-0.004674435712849838,0.006721211987879751,-0.0024911285103993903,0.015204289909725747,-0.0021396648461111567,-0.018174336002455143,-0.00882140298659829,-0.013878401311402727,0.4370444183281846,-0.03830412890224995,-0.002635701305977664,-0.019392758782529516,-0.017307554244660565,-0.021032945430197236,-0.0016957551420938792,-0.009239066792801462,-0.009033113362893861,0.03973307497846075,-0.020386009678355303,-0.009961563937783592,-0.0028717606803258457,-0.004076496270850484,-0.012217806229555747,0.03551198582354273,-0.045219133287483,-0.006956125493515848,-0.0025248716012517096,-0.018961891685843148,0.010945479628945346,-0.010446768335218343,-0.01744855447265302,0.05900654471335034,0.019099019700850317,0.05491568636943318,-0.008271037668194078,-0.0009487538574158375,-0.017410338871645333,-0.03089837135340016,-0.015566877527850043,-0.0020527509032000624,0.025175927075082056,-0.011537846858594866
0.02360559690732238,-0.03204602235013806,1.0,0.016576021720282552,0.001394528904928894,-0.021281448136159526,0.14515469443352502,0.0061538093925920636,0.002683112603136597,-0.053950707855778705,-0.03111706714546031,-0.0193919496872061,0.02495772085991178,0.0293947892091285,0.006064867221062568,-0.0012512054638824039,0.08256802678793261,0.008305695390403114,0.0750983036430177,-0.0041756412840638696,-0.01873144663248871,-0.014297700169290412,0.03007934523864657,-0.01628932756779086,-0.032062242010285506,0.11778209631464757,0.1163875672893367,0.025306637539813867,-9.291277144946866e-05,0.021948791378490873,-0.0005461689809287956,0.01806203908173463,0.026902046297277427,-0.045686742028286785,-0.03781307293860943,-0.008313160776579223,0.02389145573033108,-0.01041304742333109,-0.00555304809650985,0.0033397303707848537,-0.009155355760310005,-0.022385595100634145,-0.008251917951522574,-0.03406378521763435,-0.006098517543096943,-0.00022172765880724803,-0.005098261046196796,0.0050898134307345265,-0.027547003111020815,0.006976970149809886,-0.02947898086259108,0.08999409851778406,-0.026935479625103165,-0.00924912473388941,0.021271791925153837,0.02774624895307756,-0.03278498079172509,-0.00830682501851811,-0.015925642607222405,-0.01763076333467094,-0.0014481374731828932,0.0028147644757997602,-0.01982960148785731,0.017707177224445057,-0.028494650643743857,-0.006951038449848921,0.007112915527597932,0.025221843715014347,0.01662373279440894,-0.04936228914578423,-0.02536073017192533,-0.022016651398328115,-0.0032598627773958353,0.0061086780752118595,-0.020695452205832323,0.0023386834290784818,-0.05843577813454873,-0.043618293824965154,-0.054378134638746946,0.004382997110490449,-0.03491964342920913,-0.007764253816171604,-0.013048954808623852,0.03401851543248851
-0.018238551676253392,0.0024940272643259936,0.016576021720282552,1.0,0.017258448281551892,-0.006359851023506442,-0.04495141760904417,-0.05622367966098766,0.03090084359927747,0.046377859401811404,-0.009643179038617515,0.0859905061919719,-0.016618067718615657,-0.007537206845536199,-0.0030828978237699227,0.016556394843262597,0.01668808446221987,0.012084529156920475,0.011931539970598835,0.22309700210612785,0.012245030061556491,-0.013821924417317276,-0.0062469605000024546,0.05626076193691688,-0.0006920600863580291,0.02571619394154255,0.018575596437501448,0.052458248327547564,0.0036713427823037523,-0.005644912063509908,-0.01324847345888736,-0.012588512166282243,0.015441587445380857,-0.013853327615971042,-0.03207506097011556,-0.0019423035119390455,-0.01528341830602664,0.013103483600443881,-0.026339627456294253,-0.007780347617517656,0.01842151393122508,-0.010543755371942153,-0.039972306592039354,0.00936914180087948,0.014091136391992595,-0.035391094060573655,0.011295409878973596,-0.02039098879297755,0.0016390217569048164,-0.02994590912754565,0.004598860166578257,0.01888288633622465,0.39412070804330684,0.014385544968734421,-0.0025560467128485417,0.013697064483656034,-0.010584230032328237,0.00593889839008727,0.028237282789499333,-0.0008224888321912969,0.06259723333352253,-0.008944067101694242,0.01860914366299556,0.005650430743163051,-0.014288923469353806,-0.02712208537744064,0.01822740592882192,-0.02462766685429556,0.07093499052589163,0.002131797782726768,0.0017688284019596572,0.0021500257907774672,-0.024986331871444074,0.015009200347647453,0.002429928893631539,-0.008895633489396898,0.006923363407427534,0.004346863953965927,0.003981094433739711,0.01674531803418899,0.009348242923828513,0.01198655208334367,0.009278808525983924,0.006467532433347432
0.013279690185998325,0.03690727639304044,0.001394528904928894,0.017258448281551892,1.0,0.040715554068058324,-0.007197702294952905,-0.012308426387502609,-0.018058386899386936,-0.02532689113993651,0.0060847525411096065,0.0065560616665022485,0.006104038401423792,0.003962912429520745,-0.01500639186597875,0.018977787009737835,0.005611871564846879,0.005273781753326348,-0.010121029636798855,-0.032577468488364646,-0.024815851228245738,-0.01942557691313052,0.004825378318330217,0.006567440854535565,0.002624228076104129,-0.005313081075725593,-0.0038123839375283665,-0.0177050575007541,-0.020704702649492323,-0.013116983459193156,0.014070899037304019,0.09248071287246251,0.0345251800994695,0.02668220466078904,0.009579590687487089,0.017831975978352805,-0.002274924475571027,0.021635267087338594,0.015945447041597456,0.08108856071320847,0.03175276764299873,-0.03674432073948559,-0.013132348705932098,-0.015748592459505262,-0.019936236136087252,-0.0013553964307921964,-0.002234704292604511,0.0306206022079146,-0.0223953964427059,-0.002548704251905811,0.018305684107283955,-0.020395653613382362,-0.005668262413506743,0.11080590838672401,0.016622166099997674,-0.004834198207779874,0.0073759750204339765,0.012891404349150024,0.026717096688874505,-0.011284341972434534,-0.007917378890389633,-0.006849162136081177,-0.012919544522432297,0.007087859628982452,-0.01539300193593302,-0.007462115823509983,0.013134929900960527,0.01906991339888046,0.011793118079285375,-0.005368464291246894,-0.010984247805053507,0.001532021576250579,0.003794250308772109,-0.03326949198428005,-0.01765483212240494,-0.01153772082253772,-0.0004744002220109401,-0.011799611602342379,0.003826959860521994,0.009094375585854382,-0.03079854109162598,-0.001809858898786604,0.014357161321394968,0.029841822230403398
0.010707909926519663,-0.022300288390900074,-0.021281448136159526,-0.006359851023506442,0.040715554068058324,1.0,-0.03381616289911799,0.16102047187446164,-0.021956293283932463,0.10599668591547613,0.003590540082375054,0.056586789585539164,-0.019538278301967523,0.028321854240098584,0.09747996388126674,-0.007621064300290151,-0.006885556974031,0.036683973915661826,-0.007862943812350922,-0.0029248334714804766,-0.007928926918394716,-0.012243683927636903,-0.01569961919119797,-0.012758635956776674,-0.015196762263249597,-0.002852404326175904,-0.006743262331344178,0.03057357941754829,0.004513527489273494,-0.0031769042476833833,0.019958505185246854,0.04236137168068587,-0.004709683340384779,-0.008285804464299584,0.09863721432746099,-0.019814253753439977,-0.02688370499304556,-0.016525308065135726,-0.01929849977775627,0.019995333397320122,-0.022874513313208972,0.0002282046244446364,-0.0003087754026724025,0.016486630502389913,0.015104950316981678,0.0019790786941682403,0.002807253444572659,0.000996320205290984,-0.04981647019605847,-0.010489277661352497,0.011271687993708548,-0.01595896738603624,-0.005886946539190585,0.0048926078481636645,0.16117015788840564,-0.002937328660962599,0.08111186015773325,-0.010878989328978876,0.05340386963367677,-0.011667155851609904,0.03547436408797616,0.0003600300323927514,-0.03695944714420852,-0.04216480941012585,0.01182365147258198,0.01060866982299709,-0.04541893019000886,0.009366972526242653,-0.00010417089674696885,-0.02008604824700588,-0.004960725276307937,-0.002728984521609376,0.010061104463687852,0.004135122926073436,0.0035340277323849967,0.0009816002332172235,0.0035494290717851267,0.01718306099057323,-0.014316003798203516,-0.01166135597109922,-0.0009928987815074376,0.015665141665171967,-0.023116641102737655,-0.024055610430008284
0.036213596485126044,-0.025573033196703468,0.14515469443352502,-0.04495141760904417,-0.007197702294952905,-0.03381616289911799,1.0,0.052129976434007345,0.09895315581144598,0.03178750852417423,-0.02721110129259494,-0.0030492713041001553,0.03785345220436972,0.154842455299205,0.004906509862779156,-0.011356946770704535,0.013550915471827378,0.008076091813797677,0.008581028157843956,0.01234110402095781,-0.015313360878500904,0.028629061680744236,-0.001984276830756013,0.030697911840238984,0.011660746792345618,0.01822617675497969,0.03813390595766905,0.06467978243672097,-0.01020599490092539,0.09504410639700234,0.010587875930366098,-0.013712165097272638,0.0020834670792514664,-0.020405771524402355,-0.01710077760311183,0.027089084406137807,0.00713477066157282,0.005631809451021179,0.004375751384756825,0.026207872176942103,0.006683441557413746,-0.0058442955518788415,-0.01986496467677027,-0.03166848462706488,0.0005633018061420846,-0.0033292523035021453,0.027756176252026973,0.0021815489886504212,-0.014907234285213844,-0.04058652361614256,-0.02747447831500929,0.019032794376369854,0.02219883473354305,0.004387904134387356,-0.026963493631483777,0.08989162549021575,-0.01836381845825683,0.01981884313504387,-0.013673860026942824,-0.023092897105335602,-0.022482781165368976,-0.0037634424895142625,0.0064952055777614615,0.006097741870786656,-0.021897753576514013,-0.04049395417429947,0.00593510115700616,-0.041670149992879886,-0.015678507044032456,-0.027768435293056466,0.019608180966542876,0.003221673032368167,0.0264579873765517,-0.024310495814511692,-0.04481939071165089,0.03260713594608809,-0.010667457296984572,-0.007475388345198374,0.022193319771563167,-0.03118143391060882,-0.01953307317015796,0.0006794789685431124,-0.018675521454637085,-0.0035215265287874206
-0.021273120071478944,0.03611755460014277,0.0061538093925920636,-0.05622367966098766,-0.012308426387502609,0.16102047187446164,0.052129976434007345,1.0,0.027327075652081794,0.05692932082603275,0.015581461375913125,0.008947261399133625,0.010649128478987012,0.11393279696615606,0.01801728941673449,-0.02367072093875858,0.034666532421780256,0.033118770514744995,0.007046018504679914,0.002753183228298254,0.0005004230360966504,0.025833036200250205,-0.0016976758695501672,-0.017542887094986484,0.012159185137023793,0.029593796417610285,-0.030302696620992487,0.06904925694199289,-0.012791861745826088,0.07353656323843974,-0.014887582363935925,0.07743374359823839,-0.005298315894893486,0.011272576277958267,0.0005682547649581166,-0.04171706706407941,0.015142786477528517,0.00022237079380431636,0.026266873015381345,0.01973240119047253,0.01989900439364249,0.010776971281173423,-0.0029010623374088706,-0.03048075699651992,-0.011391571862672228,0.02323354378896768,-0.020768836956713443,0.014015924136663157,0.01316694637740643,-0.026036367478922073,-0.015579245707258755,-0.039255180478292476,-0.01598216783575174,0.010982701483551573,0.023426874413147062,0.002292563771939558,0.06566297004143194,0.016481030300226077,-0.022220707207343673,-0.026236665123048255,-0.00866950290422115,-0.004114430881997827,0.04010584337990214,0.0017158181468656922,-0.0012044491877757982,0.03838472052098967,-0.025334936631540735,-0.0038939131659753677,0.02531919215809771,-0.020542875523467893,0.0037806819717311614,-0.011243215924243245,-0.02125007632889366,-0.061217601110656265,0.0039396825850115886,-0.08544675805185738,0.009816196007738445,-0.029523681790667597,-0.0035256940178258023,-0.007770482682809457,-0.0026822516176816078,-0.003779499186947454,0.00405670217404703,0.035252102440823684
0.0025404931855481237,0.008457122579431644,0.002683112603136597,0.03090084359927747,-0.018058386899386936,-0.021956293283932463,0.09895315581144598,0.027327075652081794,1.0,-0.03854286261244783,0.006706113250788047,-0.0034562285953237495,0.0481756925628822,0.009750687145799979,0.08814296844035097,0.005140163234145037,-0.005703630079352443,-0.010135108230298473,-0.0031467803551510284,0.0360789154467616,-0.0004329648266443835,0.0486065220148455,-0.017792743513976538,0.10300911059785313,0.055876819336008125,0.012474934514267727,0.03739701142809152,-0.019851271794935243,-0.017614938572418453,-0.04856483544422103,0.024720602186728138,-0.00499455971102987,0.019043861760574505,0.011764047160187937,-0.004905029855732328,-0.02426316408863566,-0.021556020444851682,-0.0019588472710018933,0.007253023467834627,0.05065320961391414,-0.008104182432174447,0.005731838155831112,0.0010341030467661794,-0.012477654655324936,-0.0028597860490631555,-0.007925987823718545,0.023748646592493663,-0.00904181113167881,-0.016509815769610088,0.017467204508442018,-0.006596236038405645,-0.030764872349023555,0.010087041251290056,0.030687562199627465,-0.009548644692483807,-0.002138474724230246,-0.0355363791474829,0.2995730541733796,-0.013259525368767034,0.006138792873233015,0.03241106553729029,0.037570466252214975,-0.046487819401063,0.009170378085262106,-0.018858130015023507,-0.022717797428043873,-0.019473766327096506,0.011803836854012257,-0.00023600331103328502,0.010787928242050106,0.013781688545374449,0.006192860993940626,0.0985402856346612,0.001038836475076261,-0.03993159243421166,-0.0010358355141556902,-0.01995116479268608,-0.00044120760282782156,0.022332750609859647,-0.0039517285917732665,0.010751014209938218,0.008189204592418538,-0.030008680419967033,0.007065408444045647
-0.01926962825371865,-0.024940043908662987,-0.053950707855778705,0.046377859401811404,-0.02532689113993651,0.10599668591547613,0.03178750852417423,0.05692932082603275,-0.03854286261244783,1.0,-0.005567525307678169,0.06333205304334619,0.0022944937526167,0.02667820965233933,0.010849487125894619,0.008224914962705013,-0.01573312652937284,0.01201557190033057,-0.008494689117464397,0.04326518805985796,0.02737071551843954,0.006297840435498106,0.004106218436621264,-0.0548178308933683,0.01828287342227434,0.01895228059782829,0.012420658827262891,0.07194017969689626,0.026938833093607745,0.01646499149018382,0.007865716576174587,-0.0239243085964726,0.02660863212052907,-0.02027709948689877,-0.002404744320068348,-0.043402590293094234,-0.006159107825726449,0.001483704683616174,0.02135180772644377,-0.017295710677458293,0.0010994833106971191,-0.01064323858361496,-0.021456466387163864,-0.010896371536413763,0.01767816744784582,-0.01915436539784415,-0.008415234420704047,0.005570736203897105,-0.008890932223146995,0.0011767900903695856,-0.007967033142749352,-0.012935587836681507,0.024358597334958845,0.00664760219917649,0.04282055797548807,0.02278107114121466,0.0374620713999785,-0.01680001492654435,0.2923358520816517,-0.03572065203877175,-0.012419053828346306,0.006154360113021694,0.015359149432136432,-0.02000747105563991,-0.0076905640944032,-0.009843996923120575,-0.009445119053015337,-0.02679756036361212,0.0063086205871755825,-0.010236164017147416,0.0032017792200313825,0.00032276691855768455,-0.016939058177506152,0.002524443102912905,0.0014796066457341843,0.013462407312295796,0.02211345719563651,-0.028182910914137927,-0.02511520597004531,0.03964277271283075,0.01320814850172849,-0.02620804290232215,-0.002996964896675817,-0.053483862126541735
-0.019448581760655226,0.005826480071852433,-0.03111706714546031,-0.009643179038617515,0.0060847525411096065,0.003590540082375054,-0.02721110129259494,0.015581461375913125,0.006706113250788047,-0.005567525307678169,1.0,-0.016856073772790327,0.1357577850200888,0.02835612653906711,0.03135140015226992,0.0035690305157704666,0.014084272597388195,0.18243013471151334,0.030892877852039816,-0.006182843490391342,0.010186147208427561,0.012524322491730204,0.006364789612333912,0.0059085504348917114,-0.004508635822389797,0.009250617515391815,-0.005749959013530421,-0.013985560684986645,-0.020958503734117503,0.018187294291834383,0.046939082886365356,0.06403506617478348,0.007488622067380521,0.04506792622376047,-0.05468979646860624,0.004235019995797448,0.0021103369476508237,0.037064056252868065,0.012972316567677228,0.01976892452061679,0.030803606903187678,0.047546758999903176,-0.03636056108526398,-0.019659506946251976,-0.007987297058503122,0.008749643657690737,-0.019132066586868366,0.008789765481179953,0.011160412609043588,0.01496070487483644,-0.0037408925730181195,-0.020340384680917537,0.013246260358042161,-0.030783409917822486,-0.029023829649016467,-0.03104339134060874,0.003972302175402809,-0.03186040368180939,-0.010324595972297129,0.18072666109869928,0.024321489657405663,0.08083263388517646,-0.007944754787424518,-0.00741071663065641,-0.009652894441178873,0.0012672526224809684,0.04599564041446122,-0.004733467695935496,-0.0057496535704783525,-0.011914762946155892,0.018190314502695298,0.0010604492634918113,0.0003357014834949809,0.0165254803603769,0.03163816663922448,-0.023152949410691112,-0.008962138684345878,0.018023775738448742,0.018032262996294318,0.03380993849140898,0.002693086385984938,-0.009129152859150004,-0.024146847508932413,-0.006815752587254396
0.009652885344435992,-0.0165867324396459,-0.0193919496872061,0.0859905061919719,0.0065560616665022485,0.056586789585539164,-0.0030492713041001553,0.008947261399133625,-0.0034562285953237495,0.06333205304334619,-0.016856073772790327,1.0,-0.02659378215219009,0.008261555655466686,0.012897164450497394,-0.0027200133711854442,0.00663412445974942,0.009361803478430205,0.020490595578184213,0.1459079099780719,0.005626650994816874,-0.0007567788683515288,-0.008505620340391007,0.0007424797984669357,-0.011122466904299536,-0.042374074471817604,-0.016991698856658,0.004145360925863807,-0.01352119769898479,-0.03053381866557132,-0.03194179378581526,-0.00011687012842862173,-0.018770096107285122,-0.008601874255208593,0.03406179356456452,-0.020024157307884403,0.02365980155358031,-0.020557184218510174,-0.028461104889154824,0.0070341192677153925,0.009421029096406899,-0.0016452993325733907,-0.0007527022744934902,0.0013995842497724923,0.002729477748151051,-0.0097309179468052,-0.009466262346644308,-0.002752043359701601,-0.015380474028032753,0.0019394566757658634,-0.0017767002331480258,-0.006977460095137239,-0.0004433891218744675,-0.029267026670651994,0.03719324592713393,-0.025805476224767494,-0.004480871986876736,-0.02341575820941891,0.04504282578336997,0.01894156677189731,0.2413936281040323,-0.006445984570468172,0.0006571723730593992,0.01645714396771314,-0.025177588926186087,-0.021883765669385522,-0.006991914529590334,-0.00452151519595294,0.07472486629598352,-0.045562892565891654,-0.025978463957548433,-0.002188725998967352,-0.011436481006175782,0.01671718161180107,-0.005122867506308512,0.009261990790700635,-0.0019420166957788067,-0.0007231075947276754,-0.013059219087048123,-0.0044013946626750644,0.004196655216368405,-0.01672600670016978,0.011857056367255208,-0.011206106410873351
-0.006014704819783692,-0.009699257154463691,0.02495772085991178,-0.016618067718615657,0.006104038401423792,-0.019538278301967523,0.03785345220436972,0.010649128478987012,0.0481756925628822,0.0022944937526167,0.1357577850200888,-0.02659378215219009,1.0,0.03765040443962411,-0.006699550705913589,0.03917723014566216,-0.02247303017139836,0.07851624999711676,-0.013515038381141325,0.02202743940568989,-0.019134206970725248,0.01484150522278954,0.006738548524847551,-0.006174676139294015,0.10563124121044547,-6.129266225104607e-05,0.04232597717076029,0.006387673515338665,0.038414603778147156,-0.015279660753554655,0.06709401967875657,0.044168000014125824,-0.01946583700781865,-0.030094276044078414,-0.004554884447918301,-0.029990548905281866,0.004727207220432762,0.00036486416140686244,0.015395211355176094,-0.019503831880028674,0.037233028354707605,0.09515327777744725,0.009194537231034082,-0.0057267215263777345,-0.0162171225361666,0.012671372938577752,0.03847627763006778,0.01909699635140475,-0.0032137037064824295,-0.01263862155675914,-0.01184344855117995,-0.01536927358946282,0.010615678756244216,0.030554749968479965,0.006895232039821343,0.018071260792096495,-0.026500839334250525,0.03586430933251275,-0.012325404001664259,0.0661314744129183,-0.0014357207152292262,0.2728538861990346,-0.010961911108443056,0.01522435999625109,-0.009188000363574344,-0.015996368862721263,0.0129205085316498,0.0028417277424231005,-0.008156721729951308,0.021092144182369033,-0.009992866757657946,-0.0015472032409310735,-0.012868368521718071,0.02475580569532701,-0.02863191621397974,0.0031142323948353027,-0.04117649265811927,-0.0006661772518407593,-0.018008742063460485,0.018359024534084823,0.0069752490538899335,-0.005677770738676755,0.005477905219133632,-0.005965980680457471
0.1626704382967008,-0.010504204150003816,0.0293947892091285,-0.007537206845536199,0.003962912429520745,0.028321854240098584,0.154842455299205,0.11393279696615606,0.009750687145799979,0.02667820965233933,0.02835612653906711,0.008261555655466686,0.03765040443962411,1.0,-0.0243864977051812,-0.0414217818917625,0.048384283080859875,0.09965971443684869,0.098171304250619,0.016880707647190626,-0.005935601471727603,0.011103700748794477,-0.029635776406806414,0.007131098234084001,-0.0074499436025564775,0.018921040379920043,0.027047349976799084,-0.010163831311506217,0.11305122605243832,0.02849871809547225,0.032286854087993845,0.026144316037485422,0.008721464176490728,-0.028123731594415224,0.018537523515243244,-0.00010243403509107932,-0.021098614750682337,0.0048310681365485815,0.014214645241795032,0.011432645469529122,0.02921366195223432,0.006741541606619263,0.01017092840691171,0.0015258818846761507,-0.025507000353360666,-0.0018109591710207494,0.019141825878272553,-0.015366324959786064,-0.012194843466323982,0.02558224182062846,-0.009420124305043723,-0.01265478764352933,0.008982562529657017,0.024382241067752265,0.0006643786934482846,0.004821769538998783,0.011341674176125104,0.028728634923277138,-0.02819576886762817,-0.016419978236895585,-0.0013515238286997638,0.007429963214438058,0.05718347198319353,-0.026240629010670275,0.003471102837347599,-0.027112642560970412,-0.013314616007417228,-0.025465551661443955,-0.012377433657788131,0.021735311510371502,0.00431014790228535,-0.024527711127488014,-0.00166041198943665,-0.021666622015484943,-0.018441583221349672,0.02183570885442396,-0.040600722897167214,-0.009778702620889944,-0.022951459137546676,0.013026979351292626,0.015044631315687442,0.002862323032636197,-0.007638563140338319,0.01353351853017739
-0.005851776897734314,0.03773878078361356,0.006064867221062568,-0.0030828978237699227,-0.01500639186597875,0.09747996388126674,0.004906509862779156,0.01801728941673449,0.08814296844035097,0.010849487125894619,0.03135140015226992,0.012897164450497394,-0.006699550705913589,-0.0243864977051812,1.0,-0.018001605372733105,-0.0018900163128302769,0.0006370078366998841,0.0032978129192144955,0.025563002839680816,-0.011246361904331115,0.0016330321138721242,0.015248130402871325,0.02317165248551586,-0.011234393745445931,0.0166581569922299,-0.022067136310532493,-0.014239584452345973,-0.019431088853532463,-0.03460051982525732,-0.013252137914805043,0.013059744777722574,0.022054443036177467,0.012940608852413162,0.04706303573414897,-0.019207613164416736,-0.017385129167799235,0.0022978520068356752,0.004253195194032003,0.15128676467049712,-0.03161513228151249,0.010933203785814624,0.005038750611982263,-0.031524724502652694,0.02702953868869595,0.011738072805613333,0.02778050369718321,-0.013133537928812415,-0.004723281572403083,-0.028754590095379146,0.033465794405436386,-0.017324442488150828,-0.00492469306056842,-0.0010344138351443815,-0.0017332831718799835,0.030380234377849286,-0.01207067562522332,-0.018787630787606195,-0.032760612600669786,-0.025024330738957573,0.025126287390575944,0.004123250550400132,0.009453013390294385,0.14739239532039822,-0.0020650283393500533,2.3110299077143057e-05,-0.003279967637124822,-0.03148938738667434,-0.009462560894260046,0.002205392551080852,-0.008275499695708564,-0.003660674194614044,0.019073037937839186,-0.0015033545668821466,-0.00947504469605742,-0.01707536217178608,0.0016287549271782828,0.004301366044591679,-0.005093711316518942,0.0016439345322808972,-0.003382315486222025,0.019970547491920555,0.01858757705742509,-0.012271968033782032
0.01915961535621532,0.023295674231658334,-0.0012512054638824039,0.016556394843262597,0.018977787009737835,-0.007621064300290151,-0.011356946770704535,-0.02367072093875858,0.005140163234145037,0.008224914962705013,0.0035690305157704666,-0.0027200133711854442,0.03917723014566216,-0.0414217818917625,-0.018001605372733105,1.0,0.010036162906613818,-0.00022264495972520063,-0.010456857144575832,-0.03524012510272694,0.02524323000169108,0.1151061866938984,0.06053271117907171,0.06321514446728509,0.022810259911595382,-0.03846613048576978,-0.016563998657561137,0.012035105513791744,-0.004345990378630219,0.03434471827221086,-0.007431709982616115,-0.011205986369925513,0.015610466608973986,0.0018207542649943485,-0.018725771011526945,0.005076229766119683,-0.007164151044603657,-0.02005998915987261,0.03406486412240254,0.014330815290026916,0.009514004419999191,0.0018211239937172205,-0.02045863879165121,-0.015945572226130803,-0.011274517147017887,0.004657820212565715,-0.00563811737952019,-0.0011941950555566093,-0.020610426101493575,0.009265732173557013,-0.022005243397973214,-0.01213365052913716,0.010388310641474732,0.01652243439616369,-0.003849998908320048,-0.038259622036326775,0.025797983286980682,-0.02541388994410206,-0.018677822904071027,-0.03539328999896829,-0.004603621919066419,0.011341960045783047,-0.010066383197474995,-0.009834170368824195,0.40886922715744384,-0.02544881149121792,0.01981674202206275,-0.02950392065191478,0.008876284631221188,0.023925440958100397,0.007560207650079961,0.0257234582358058,0.005078054592158463,-0.028310784225836147,-0.037957751197019905,-0.002734416370572834,-0.0050310342248496625,-0.0024345334319340424,0.01787085382481456,-0.0005077778698029728,-0.02492366829721954,-0.0023693610052500026,0.011681465328958524,0.016018069226349584
0.10204991847652205,0.012985771908519364,0.08256802678793261,0.01668808446221987,0.005611871564846879,-0.006885556974031,0.013550915471827378,0.034666532421780256,-0.005703630079352443,-0.01573312652937284,0.014084272597388195,0.00663412445974942,-0.02247303017139836,0.048384283080859875,-0.0018900163128302769,0.010036162906613818,1.0,0.032242273140129965,0.27850116107518674,0.009848377515387889,-0.01314180157877653,-0.012346299647321346,0.07944311724576106,-0.006754976725364682,-0.01112057599710739,0.07080684754109216,0.01903230779940743,0.03260546104985084,-0.016438110878538022,0.10513499255295901,-0.04685853865194812,-0.012839009421347261,0.006665274981132697,0.05625885052153861,-0.0038097346432762152,0.01953380315811132,-0.01861358548270372,0.021254400839078456,0.04885317125211436,-0.0003274410919748884,0.016117269026568792,-0.01340212180366795,-0.011065038319568432,-0.0018221261064130564,0.03055222983935622,0.007298979319302363,0.006949036648661328,-0.011547850891090443,-0.010199169573450231,-0.03260152275856084,0.0008164249290241692,0.007547795577142626,-0.00472391306933304,0.0021475543129976246,-0.002615806256460547,0.011476207535254213,0.014865998615690662,0.004076052590518908,0.0030335374399540088,0.01734151657587697,-0.01584280004954519,-0.0424597203409549,-0.021542197055873444,-0.016502959970797943,-0.028359388402696913,0.10500853589160454,0.004738549861211979,0.05556257830765188,0.010309441170292808,-0.013832923602913758,-0.04172544805175273,0.016442751539429853,-0.02135308424095812,0.001873321134677105,0.009942001647883466,-0.03783647783645074,-0.041369993025333715,-0.01281562829631725,-0.04112405206856801,-0.001517078141999977,-0.011922325835691467,0.019927453293738292,0.016503772199045506,-0.0027829602192884564
-0.0018028580069991498,-0.005665315517672971,0.008305695390403114,0.012084529156920475,0.005273781753326348,0.036683973915661826,0.008076091813797677,0.033118770514744995,-0.010135108230298473,0.01201557190033057,0.18243013471151334,0.009361803478430205,0.07851624999711676,0.09965971443684869,0.0006370078366998841,-0.00022264495972520063,0.032242273140129965,1.0,0.1863084094724432,-0.026705001682443278,-0.02255558734348781,-0.008989760362927023,-0.000511991518053235,-0.04062340069746899,-0.007548357854673469,0.0831071410062183,0.007218027654408973,0.011272147359442321,0.022454212559545442,0.009636145602747037,-0.024509367999436964,0.04116452900331206,0.0064545318924952135,-0.01914387666138338,0.0036174566078246233,-0.006250652468648306,-0.01229784823601105,-0.016279936300529475,-0.008364327527367908,-0.011613286723665345,0.0007923571231577808,-0.01694218736561653,0.00024989838596652694,-0.0019150039418177028,0.030913398823343593,0.0012746811101476893,0.0034151642448574187,-0.015080057536893282,-0.0010667591219489507,-0.03126876399828921,-0.00811076315166489,-0.03065868970667972,-0.025677306533868516,0.008775959972595964,-0.03227366026693781,-0.05727176202428385,-0.026710758282160112,0.006521328189397682,-0.00888786156283372,0.08948629512261318,0.00971229720255418,0.05767569216605752,-0.015416259531645984,-0.011228277988705565,0.013870565901699522,0.015569829031507247,0.13751629128309492,-0.021490228429310355,0.006804266071168234,-0.010633944046528296,0.013354502827001763,0.010077127470703976,-0.03058900537988937,-0.002763584670249137,-0.03227452603126949,-0.0019159686932137341,-0.010714587299581654,0.007872103099769389,-0.030052628918302893,0.006441103505637127,-0.007598254042894041,-0.009107558510022741,-0.002150379010666058,0.010820285081084688
0.024947759681017395,0.005967358556591324,0.0750983036430177,0.011931539970598835,-0.010121029636798855,-0.007862943812350922,0.008581028157843956,0.007046018504679914,-0.0031467803551510284,-0.008494689117464397,0.030892877852039816,0.020490595578184213,-0.013515038381141325,0.098171304250619,0.0032978129192144955,-0.010456857144575832,0.27850116107518674,0.1863084094724432,1.0,0.0009782512013164484,-0.006076031187130464,0.00016586816497487217,0.01082325628344856,-0.058658725081745605,0.02011796294809729,0.07389889495039878,0.06903251699191784,-0.02026886178461439,0.04949949412479129,0.023706971328301355,-0.007775669722619714,-0.01254062611535934,-0.03286574055272586,0.024346647799199275,-0.018263815036555525,0.006046416492498367,0.0035570438137014705,0.005594513185800312,0.01728833858553233,0.014899473571088707,-0.02547825150513769,-0.02372646559315369,-0.013595686724293838,-0.012303103686713434,0.0005505943689553271,0.017853333846987663,-0.018503837124223096,-0.0028677375873207406,0.023648828877657152,0.030346494895878432,0.0015300785624456747,-0.023311372913088334,0.0017454822556698943,-0.008991805252009998,0.016984241890881113,-0.013228890958883353,-0.0449913266729797,-0.009642625506283158,-0.00806985720285427,-0.01151244279034784,-0.0017789518914539581,-0.011238996383864342,0.010991009065546826,-0.012472498533672237,0.006381648796591084,0.005142762911881658,0.022176019994188678,0.08295763975560384,-0.011341035072758679,-0.025739060667387435,-0.0012702697952906986,-0.008723077683906207,-0.027789729040895148,0.013194571014328206,0.0008132926987061579,0.0003492632889083317,-0.017054369946279718,-0.016919999696537954,-0.052815117143122314,-0.018067018006734045,0.015827829619660998,0.009124668166431872,-0.002584340741025963,-0.005907565265153926
-0.002625553813115858,-0.007171583060757415,-0.0041756412840638696,0.22309700210612785,-0.032577468488364646,-0.0029248334714804766,0.01234110402095781,0.002753183228298254,0.0360789154467616,0.04326518805985796,-0.006182843490391342,0.1459079099780719,0.02202743940568989,0.016880707647190626,0.025563002839680816,-0.03524012510272694,0.009848377515387889,-0.026705001682443278,0.0009782512013164484,1.0,-0.019461522439964463,-0.019979054117388526,0.01562514949678061,0.00781855133418691,0.005750209592998074,-0.0041637234245322724,-0.018464902193488772,-0.006220682161612911,0.0036237210750459195,-0.018712653893748318,0.00945324967359657,0.031082262179588732,0.008843885993254376,-0.015859802994249623,0.003687670258627451,0.016033215391253287,-0.008855691924280014,-0.01079313872592882,0.011871505168828768,0.01289920208407381,-0.00013515668769186343,-0.01338592844820656,0.010325349459812902,-0.025872676501584955,-0.013761425550017482,-0.0009900457646634423,-0.0020466490717620483,0.03459706488988596,0.0061101297561281165,0.025132231305624416,-0.020133018805587294,-0.012898821605730271,0.04543932343650182,0.01187632994429169,-0.006734805355836901,-0.027864428312175536,-0.021570092580050947,-0.023476751618602656,0.03978894992032075,-0.018232735589956993,0.025272051680749436,-0.025623459867333397,-0.02354399679243907,-0.011257793044075091,0.021456335867434343,0.017788559243545495,0.016989852874193533,-0.001187766861118817,0.24330986284670306,-0.0052726782199800865,0.012103845825072762,0.011832527036073891,0.005872478795296617,-0.016749311270192673,-0.01707934202537509,0.02592507963056477,-0.01912950688980167,0.018075073868248127,-0.02085900687376888,0.011305786012628867,0.0053287744596388536,-0.004021769216589828,-0.019355346863367925,0.0012217664970056556
-0.02904920807607329,0.01613613000813229,-0.01873144663248871,0.012245030061556491,-0.024815851228245738,-0.007928926918394716,-0.015313360878500904,0.0005004230360966504,-0.0004329648266443835,0.02737071551843954,0.010186147208427561,0.005626650994816874,-0.019134206970725248,-0.005935601471727603,-0.011246361904331115,0.02524323000169108,-0.01314180157877653,-0.02255558734348781,-0.006076031187130464,-0.019461522439964463,1.0,0.017074290817950446,0.28679643735959215,-0.008012418459593976,0.002322811261328869,-0.014175326834428537,-0.0034716523020400076,0.05455249283654129,0.025184548948952643,0.08033136923280931,0.011071862773298064,0.0052843367919799475,0.06969528973007684,0.024854300683180744,-0.006032957498048666,-0.029714492561090485,-0.003050949522701466,-0.012631988602315557,-0.009360417610223633,-0.011865249170030985,-0.011805950782235182,-0.006181494324307976,-0.017384454835657866,-0.01783888868273887,-0.012226085186135363,-0.01221722892521431,-0.029780250287847598,-0.0068334460160182665,0.00847964539021799,0.014544434375156215,-0.004661701993236819,0.005475975143686085,0.003918176227174161,0.03518403262480381,-0.0062355652626245915,-0.009814144940694101,-0.031173149107773763,-0.010613776958315044,-0.023770859484135588,0.017976276487565543,-0.009946760790318329,0.011817257416302967,-0.00042666523708017115,0.01251756021637878,0.0305287451155863,-0.028592995818691316,0.007745702489954784,-0.022002647601881756,0.004639110676792792,0.21945376742313696,-0.019577801366809897,0.08353648234276588,-0.017820691514865938,0.004544023153266983,-0.02238582648241043,-0.010807258171693514,0.004139768174803173,0.014661731532175202,0.003199136292259957,0.00994919182394486,0.0013797214148843816,0.04261208931110461,0.01498058068157205,-0.02382508713948629
-0.0078014861402009765,0.05495584729024885,-0.014297700169290412,-0.013821924417317276,-0.01942557691313052,-0.012243683927636903,0.028629061680744236,0.025833036200250205,0.0486065220148455,0.006297840435498106,0.012524322491730204,-0.0007567788683515288,0.01484150522278954,0.011103700748794477,0.0016330321138721242,0.1151061866938984,-0.012346299647321346,-0.008989760362927023,0.00016586816497487217,-0.019979054117388526,0.017074290817950446,1.0,0.021876634583758246,0.03861330189150245,0.002166105308652432,-0.003928637280512355,0.009219862032629712,-0.008868946516238197,-0.008892953852753094,0.06747295704422368,0.019480275068464947,-0.017504843040766646,0.0005826884750830813,0.009608134235187332,0.011915094709200382,-0.02021564487340845,-0.006369030810437325,0.015859330935676517,-0.014717234477915377,0.024169752919287798,-0.02676389768813553,0.0006052128141107952,0.03148557596822097,-0.018699319706423002,0.015403905462415407,0.008112486126291682,0.011838508533138553,-0.009141911352099437,0.0016834643426618529,0.015057695395901792,0.04877049063059804,-0.03285079843877155,0.008914948332974437,-0.016803372937707606,0.023392018363717862,-0.013568607607729368,0.00019097426038779957,0.007249338195036817,-0.02618750444794239,-0.005968998465899506,-0.02676161221214163,0.007848032887439455,0.0023987957766018714,-0.01184312122248502,0.014116288796246608,0.0112303467666159,0.0028910879124395953,0.013114729904913712,-0.017356081967604995,0.0370375261273878,0.3068478866736872,-0.012889953044334906,0.02199977024736881,-0.016776451282349752,-0.015005807595072128,0.007274578426051493,-0.010007433522121054,-0.006540312241773813,0.030983801762904287,0.0025644503240183857,0.011913857482430594,0.05004235519296147,-0.009437381832026312,-0.01189461912460165
